2776.3916015625,-2445.9912109375,13.63644695282
2776.302734375,-2465.4873046875,13.636467933655
2794.921875,-2483.4482421875,13.641567230225
2776.123046875,-2504.1513671875,13.633953094482
2743.7646484375,-2452.8408203125,13.86225605011
2799.1015625,-2393.4853515625,13.95600605011
-2457.4091796875,777.58203125,35.171875
2776.4013671875,-2408.6435546875,13.648777008057
2786.978515625,-2428.1826171875,13.633860588074
2505.9169921875,-2454.0302734375,17.882808685303
2513.732421875,-2417.6318359375,17.882808685303
2430.7978515625,-2467.2958984375,13.632326126099
2503.6875,-2640.958984375,13.86225605011
2156.107421875,-2667.9794921875,17.882808685303
2522.244140625,-2207.9345703125,17.357162475586
2582.486328125,-2207.126953125,17.357162475586
2707.0185546875,-2188.779296875,13.546875
2588.0048828125,-2192.29296875,13.546875
2198.08984375,-2412.8046875,13.546875
-2717.859375,197.87109375,4.3418498039246
-2729.1767578125,72.939453125,4.3359375
-2742.349609375,129.5283203125,4.5390625
2210.150390625,-2205.2861328125,15.171091079712
2160.1572265625,-2232.23828125,13.305326461792
2167.23046875,-2264.46875,13.309000968933
2222.744140625,-2273.068359375,14.764669418335
2272.5087890625,-2264.4091796875,14.764669418335
-2528.4912109375,-20.396484375,16.421875
2094.72265625,-2155.9580078125,13.6328125
-2492.84375,155.6650390625,8.4730567932129
-2489.359375,94.734375,25.6171875
1984.5498046875,-2155.3212890625,13.546875
2163.51953125,-1988.986328125,14.133599281311
2228.294921875,-2060.638671875,13.546875
2201.482421875,-1969.498046875,13.78413105011
2225.234375,-2040.5390625,17.271224975586
-2562.443359375,323.0859375,10.5625
2371.6875,-2114.6640625,27.1796875
-2498.576171875,315.3271484375,29.1328125
2512.251953125,-2073.181640625,26.5546875
1856.962890625,-2336.6005859375,13.546875
1840.83203125,-2638.27734375,13.546875
2133.15234375,-2410.599609375,13.546875
1683.9970703125,-2006.8037109375,14.129119873047
-2312.7890625,-81.3466796875,35.3203125
-2151.6669921875,-147.22265625,36.467098236084
-2138.875,-247.572265625,36.515625
-2181.48828125,-205.2939453125,36.515625
-2109.4970703125,1.3935546875,35.3203125
-2026.8974609375,67.322265625,28.691593170166
-2102.4658203125,-16.56640625,35.3203125
2014.154296875,-2142.572265625,13.546875
-2135.8994140625,260.365234375,35.416137695312
-2060.3955078125,254.4658203125,37.178237915039
-2038.4873046875,171.05078125,28.8359375
2517.330078125,-1975.669921875,15.806817054749
2490.5400390625,-1975.6357421875,15.806816101074
2440.1650390625,-1970.5771484375,13.546875
-2054.3291015625,309.2421875,41.864288330078
-1942.6982421875,271.9892578125,41.047080993652
-1905.5556640625,220.7880859375,35.15625
2440.7470703125,-1899.701171875,13.553356170654
-1811.0859375,-228.443359375,18.375
-1890.5712890625,-205.8447265625,14.304314613342
-1812.966796875,-136.107421875,6.1635961532593
-1864.2919921875,-145.5126953125,11.8984375
-1723.8125,-115.4794921875,3.5489187240601
-1577.10546875,25.8125,17.328125
-1699.376953125,76.025390625,3.5546875
-1639.8642578125,-35.89453125,3.8062529563904
-2094.9404296875,-104.001953125,35.3203125
-1979.365234375,426.9423828125,24.620567321777
2107.96484375,-1876.0947265625,13.546875
-1959.6044921875,620.4697265625,35.15119934082
1918.2236328125,-1864.302734375,13.561338424683
1851.8330078125,-1854.669921875,13.3828125
1855.572265625,-1857.4453125,13.3828125
-1606.2333984375,672.068359375,-4.90625
-1614.291015625,687.51171875,7.1875
1659.78515625,-1802.490234375,13.551996231079
1600.4599609375,-1842.94140625,13.500748634338
1610.8515625,-1897.546875,13.547914505005
-2277.353515625,528.3818359375,35.171875
-2567.2490234375,552.7353515625,14.560428619385
-2447.671875,522.552734375,30.3671875
1180.7099609375,-1877.30078125,13.558115959167
867.7431640625,-1799.00390625,13.815788269043
534.6474609375,-1819.181640625,6.5712623596191
403.716796875,-1729.150390625,9.3225193023682
-2661.3984375,780.7861328125,49.984375
477.9423828125,-1745.3037109375,9.3753871917725
-2569.2197265625,850.6640625,54.728054046631
-2473.40625,1065.9775390625,55.7265625
-1951.9853515625,305.5302734375,41.047080993652
-1952.626953125,306.1337890625,35.46875
-1942.427734375,276.8486328125,35.473926544189
-1924.1845703125,307.748046875,41.046875
-1828.5634765625,49.87890625,15.122790336609
-1706.7421875,-4.7578125,3.5489187240601
-1720.9599609375,11.4248046875,3.6017475128174
-1253.5400390625,48.671875,14.136159896851
-1478.693359375,-43.5625,6
-1477.609375,-42.32421875,6
-1476.90234375,-58.015625,6
-1386.990234375,-128.1787109375,6
-1388.478515625,-284.5263671875,6
-1448.7568359375,-564.4248046875,14.171875
-1472.970703125,-518.5029296875,14.171875
-1405.8056640625,-536.5751953125,14.171875
-1333.8408203125,-504.0439453125,14.171875
-1391.2783203125,-481.28515625,14.17760848999
-1373.59765625,-523.1064453125,14.387755393982
-2254.005859375,2384.23828125,4.8753604888916
-2283.8837890625,2286.287109375,5.0520958900452
-2292.5751953125,2288.9736328125,4.9279627799988
-1827.052734375,673.751953125,30.43127822876
2642.6103515625,-1954.4521484375,13.546875
-2438.6748046875,1028.6884765625,50.390625
988.9541015625,-1751.853515625,13.501810073853
-2385.6103515625,2216.5029296875,4.984375
-2434.7314453125,2259.6591796875,4.984375
-2434.7138671875,2313.1669921875,4.984375
-2277.4765625,541.400390625,35.171875
-2237.4697265625,2353.96875,4.9795379638672
-2237.6259765625,2328.5283203125,4.9917659759521
-2186.2587890625,2417.8935546875,5.1900615692139
-1976.796875,1222.302734375,31.804220199585
1059.9755859375,-1607.0107421875,20.486064910889
-2163.0830078125,1232.802734375,33.9296875
-1389.384765625,2631.7880859375,55.984375
1217.2373046875,-1694.0810546875,19.734375
-2232.9521484375,1108.0458984375,80.000846862793
1275.37109375,-1693.55859375,19.734375
1271.240234375,-1663.734375,19.734375
-1695.42578125,1035.39453125,45.2109375
-1477.6123046875,2641.919921875,58.787948608398
-1484.66796875,2613.5341796875,58.787948608398
-1477.1865234375,2612.6484375,58.78125
-1484.5830078125,2641.2255859375,58.78125
-1421.85546875,2592.2119140625,55.805564880371
-1512.234375,1277.25390625,7.1793155670166
-1581.439453125,1277.2626953125,7.1793193817139
-1505.345703125,2625.1787109375,55.8359375
-1740.6875,1429.1533203125,7.1875
-1734.6669921875,1480.083984375,7.1875
-1734.6396484375,1526.626953125,7.1875
-1459.62109375,2616.5546875,55.8359375
-1783.3955078125,1479.1494140625,7.1875
-1834.2744140625,1429.4599609375,7.1875
-1828.0693359375,1503.068359375,7.1841449737549
-1936.0712890625,1492.87109375,7.1846542358398
-1904.830078125,1461.33984375,7.1784248352051
-1976.72265625,1272.982421875,7.6033039093018
-1788.0654296875,1209.064453125,25.125
-1784.8193359375,1209.0751953125,25.125
2728.212890625,-2381.5576171875,17.340341567993
2649.189453125,-2380.65625,17.340341567993
2771.345703125,-1628.1552734375,12.177460670471
2767.8173828125,-1606.0390625,10.921875
2662.1533203125,-1591.6259765625,13.733552932739
2657.189453125,-1589.662109375,13.975473403931
2686.1572265625,-1472.4228515625,30.562562942505
2786.0751953125,-1436.072265625,30.453125
2784.5732421875,-1466.1904296875,30.453125
2779.732421875,-1415.9208984375,24.745338439941
2052.8408203125,-1093.19140625,24.60772895813
1988.037109375,-1083.453125,24.847997665405
2128.4111328125,-1153.3740234375,23.999715805054
2209.7900390625,-1183.6982421875,33.53125
2195.6474609375,-1153.080078125,33.524044036865
2413.5537109375,-1433.1435546875,24.002767562866
2410.8359375,-1410.435546875,24.116115570068
1880.806640625,-1312.376953125,14.500373840332
1888.21875,-1320.0537109375,14.500373840332
1863.4541015625,-1305.39453125,13.564666748047
1912.0556640625,-1777.8564453125,13.3828125
2195.7939453125,-1506.9921875,23.942268371582
2188.78125,-1506.7568359375,23.934396743774
2182.078125,-1503.638671875,23.953277587891
2174.5849609375,-1502.818359375,23.956878662109
2482.080078125,-1464.7060546875,24.016670227051
2507.96875,-1470.78125,24.035413742065
-1438.2265625,1491.7197265625,1.8671875
-1393.9892578125,1482.345703125,1.8671875
-1384.146484375,1485.1513671875,8.90625
-1375.58203125,1488.880859375,11.203125
-1477.5126953125,1491.2021484375,8.2578125
-2472.4375,1551.5849609375,33.227333068848
-2474.591796875,1554.1279296875,33.234375
-2473.9599609375,1533.3359375,28.828125
-2388.375,1547.650390625,2.1171875
-2366.5205078125,1535.642578125,2.1171875
-769.458984375,1483.8896484375,24.552076339722
-897.0498046875,1970.2177734375,60.635875701904
2442.919921875,-1759.125,13.591394424438
-911.96875,2686.4091796875,42.370262145996
-738.3603515625,2755.755859375,47.2265625
-226.3466796875,1407.875,69.9375
-317.9130859375,2659.14453125,63.869228363037
388.6513671875,2603.099609375,16.484375
377.728515625,2590.71484375,16.484375
315.5087890625,2543.5087890625,16.812480926514
335.2490234375,2548.2568359375,16.802839279175
301.111328125,2543.0947265625,16.819511413574
280.3330078125,2542.486328125,16.817897796631
212.16796875,1811.8154296875,21.8671875
210.9345703125,1834.892578125,17.640625
237.46875,1857.9521484375,17.856994628906
246.6162109375,1859.0380859375,14.084012985229
245.3564453125,1876.9365234375,8.7578125
240.4501953125,1861.759765625,8.7578125
266.8359375,1839.326171875,6.4769406318665
248.4287109375,1816.5673828125,7.5546875
214.4873046875,1826.7333984375,6.4140625
187.6884765625,1371.734375,23.734375
1576.45703125,-1474.689453125,14.220542907715
215.294921875,1467.6572265625,23.734375
246.6611328125,1436.59375,23.37028503418
247.2685546875,1386.244140625,23.37028503418
153.4189453125,1392.3291015625,10.5859375
152.869140625,1427.5263671875,10.591223716736
120.7529296875,1457.1083984375,10.62112903595
353.9873046875,1304.2353515625,13.362517356873
434.228515625,1271.048828125,10.023582458496
625.8408203125,1358.8427734375,13.182829856873
577.0146484375,1427.8330078125,12.331267356873
538.203125,1472.2490234375,5.6047048568726
486.564453125,1529.7919921875,1.4532699584961
436.458984375,1566.5390625,12.784392356873
-99.3193359375,1085.2294921875,19.7421875
321.30859375,872.3779296875,20.399021148682
322.3681640625,857.4912109375,20.40625
565.2353515625,824.109375,-22.127143859863
680.2529296875,827.109375,-38.992092132568
691.91796875,847.9931640625,-39.007717132568
587.9296875,871.0205078125,-42.497318267822
816.4755859375,856.998046875,12.7890625
565.2099609375,1311.640625,11.268767356873
801.9951171875,1669.6689453125,5.28125
769.88671875,2053.193359375,6.7109375
782.0654296875,2067.880859375,6.7109375
756.97265625,2075.8623046875,6.7109375
1049.11328125,2908.890625,47.82311630249
1065.9228515625,2914.05859375,47.82311630249
2006.623046875,2908.3876953125,47.82311630249
2024.85546875,2914.5341796875,47.82311630249
2810.7294921875,2918.40234375,36.5046043396
2918.853515625,2119.3095703125,17.895481109619
2818.671875,854.90234375,10.016822814941
2856.1015625,855.2392578125,9.9886856079102
2845.658203125,953.3330078125,10.75
2816.5166015625,971.9853515625,10.75
2699.150390625,876.2041015625,10.457724571228
2686.73828125,835.8828125,19.081390380859
2560.8037109375,786.283203125,5.3157968521118
2571.9599609375,786.2587890625,10.954463005066
2559.4072265625,787.1552734375,10.954463005066
1727.9169921875,733.181640625,10.8203125
1723.525390625,707.7177734375,10.8203125
1664.3408203125,733.4111328125,10.8203125
1606.748046875,708.228515625,10.8203125
1606.783203125,729.6123046875,10.8203125
1038.689453125,1015.6962890625,11
1059.0615234375,1239.1982421875,10.827476501465
1060.6962890625,1277.2705078125,10.8203125
1042.611328125,1305.5810546875,10.8203125
939.115234375,1739.154296875,8.8515625
952.1171875,1769.9970703125,8.8515625
976.6630859375,2081,10.8203125
925.6767578125,2083.236328125,10.8203125
926.4384765625,2057.66796875,10.8203125
967.640625,2159.4072265625,10.8203125
1091.0048828125,2116.341796875,15.350400924683
1079.990234375,2132.2490234375,10.8203125
1085.25390625,2119.986328125,10.8203125
1063.5029296875,2079.5068359375,10.8203125
1125.619140625,2008.794921875,10.8203125
1125.2802734375,1985.640625,10.8203125
1085.5263671875,1911.3779296875,10.8203125
1111.28125,1914.15234375,10.8203125
1053.90234375,2252.34375,10.8203125
1025.453125,2268.9248046875,10.8203125
1103.5712890625,2326.3046875,10.8203125
1121.9013671875,2342.8671875,10.8203125
1153.9189453125,2341.7431640625,10.8203125
1070.7001953125,2170.1552734375,16.71875
2103.4658203125,2677.0498046875,10.812969207764
2108.1220703125,2652.4365234375,10.812969207764
2120.177734375,2655.0498046875,10.812969207764
2142.5478515625,2718.3193359375,10.8203125
2193.6806640625,2791.447265625,10.8203125
2198.767578125,2791.92578125,10.8203125
2214.35546875,2792.78515625,10.8203125
2207.486328125,2725.767578125,10.8203125
2263.376953125,2753.75,10.8203125
2263.515625,2778.1767578125,10.8203125
2289.6416015625,2783.9775390625,10.8203125
2291.798828125,2755.451171875,10.8203125
2291.7548828125,2739.0244140625,10.8203125
2315.318359375,2768.935546875,10.8203125
2335.0419921875,2786.3701171875,10.8203125
2343.5244140625,2766.2724609375,10.8203125
2358.9091796875,2774.96875,10.8203125
2420.7333984375,2780.388671875,10.8203125
2502.482421875,2777.712890625,10.8203125
2551.6826171875,2815.7275390625,10.8203125
2596.8330078125,2808.8125,11.015830993652
2613.2099609375,2810.5712890625,10.8203125
2608.689453125,2839.23046875,10.8203125
2624.767578125,2840.0634765625,10.8203125
2598.2841796875,2799.8720703125,10.8203125
2717.3310546875,2849.201171875,10.8203125
2737.30859375,2753.4443359375,10.8203125
2714.6796875,2673.611328125,10.8203125
2622.2392578125,2715.6875,36.538642883301
2662.0908203125,2676.90234375,10.8203125
2681.4990234375,2667.1689453125,10.8203125
2793.83984375,2530.25390625,11.0625
2905.978515625,2491.16796875,11.0625
2808.833984375,2019.7890625,10.8203125
2800.5009765625,2020.421875,10.812992095947
2808.4169921875,1986.646484375,10.8203125
2807.7001953125,1634.1181640625,10.8203125
2816.5810546875,1687.5234375,10.8203125
2823.9375,1634.9892578125,10.8203125
2832.07421875,1689.4052734375,10.8203125
2839.3994140625,1634.103515625,10.8203125
2847.9248046875,1689.35546875,10.8203125
2868.0625,1588.8525390625,10.8203125
2867.9873046875,1621.4189453125,10.8203125
2874.4990234375,1587.3759765625,10.8203125
2882.8896484375,1621.7314453125,10.8203125
2889.8212890625,1590.45703125,10.8203125
2899.5361328125,1620.791015625,10.8203125
2781.5419921875,1444.8740234375,10.696803092957
2856.9775390625,1284.5283203125,11.390625
2857.044921875,1308.8486328125,11.390625
2815.3505859375,1244.990234375,11.3125
2774.4541015625,1243.3193359375,11.3125
-1951.3173828125,1000.6396484375,35.175628662109
-1320.685546875,493.205078125,18.234375
-1479.3505859375,430,7.1875
-1422.6416015625,372.73046875,7.1875
-1465.4599609375,337.732421875,7.1875
-1728.029296875,181.03515625,3.5546875
-1691.2890625,-87.5361328125,3.5715780258179
-1197.2041015625,-130.8515625,14.1484375
-1233.2412109375,-86.5556640625,14.29193687439
-1816.6513671875,-180.69140625,9.3984375
-2084.64453125,-743.4033203125,32.171875
-2096.4130859375,-809.65234375,32.171875
-2067.6474609375,-860.0107421875,32.171875
-2079.0458984375,-925.1484375,32.171875
-2095.75390625,-966.0205078125,32.171875
-1964.25,-755.33984375,35.890884399414
-1945.4501953125,-806.0654296875,35.93962097168
-1964.26171875,-879.8671875,36.262706756592
-1945.1962890625,-911.0498046875,35.890884399414
-1963.6259765625,-959.3974609375,36.290878295898
-2520.646484375,-624.9404296875,132.78553771973
-2521.90625,-624.951171875,132.78158569336
-2535.2138671875,-688.673828125,139.3203125
-2505.955078125,-666.00390625,139.3203125
-1940.962890625,-1091.6123046875,32.175434112549
-1948.9638671875,-1091.5654296875,32.175434112549
-1437.4697265625,-964.10546875,201.05328369141
-1424.443359375,-967.3876953125,200.81311035156
-1181.90234375,-1133.8779296875,129.21875
-1184.7333984375,-1143.9267578125,129.21875
-993.9638671875,-700.7119140625,32.0078125
-1053.3310546875,-694.8388671875,32.3515625
-1103.5712890625,-752.294921875,32.0078125
-1115.271484375,-667.0048828125,32.0078125
-1067.7939453125,-597.3525390625,32.0078125
-576.1923828125,-538.9931640625,25.5234375
-529.0849609375,-539.048828125,25.5234375
-520.630859375,-506.4384765625,24.515340805054
-619.578125,-490.775390625,25.5234375
-395.06640625,-1148.8955078125,69.414436340332
-58.3115234375,-1112.5966796875,1.3712005615234
-69.4423828125,-1104.060546875,1.078125
-87.0576171875,-1212.1640625,2.890625
-90.9384765625,-1576.271484375,2.6171875
-263.8203125,-2183.5810546875,28.937950134277
-1971.6767578125,-2431.595703125,30.625
-1992.8837890625,-2388.359375,30.625
-2091.8896484375,-2260.0693359375,30.625
-2120.6064453125,-2296.5361328125,30.631944656372
-2198.0224609375,-2329.6279296875,30.625
-2183.4765625,-2430.1669921875,35.5234375
-2156.3916015625,-2552.9521484375,30.6171875
-2241.3623046875,-2479.634765625,31.216468811035
-2226.1494140625,-2400.462890625,31.984375
-2191.7451171875,-2432.1484375,31.484375
-2015.0400390625,-2395.818359375,30.625
-2816.2548828125,-1515.603515625,140.84375
-1830.9814453125,-1603.1318359375,23.015625
-1805.3876953125,-1602.94140625,23.015625
-1920.52734375,-1671.5361328125,23.015625
-1849.0419921875,-1604.025390625,21.7578125
-1846.5400390625,-1708.5849609375,41.113433837891
-1425.5751953125,-1553.6083984375,102.359375
-1467.59375,-1522.412109375,101.75132751465
-1632.8955078125,-2247.5673828125,31.4765625
-1119.7041015625,-1626.40234375,76.37393951416
-1112.24609375,-1677.064453125,76.3671875
-1079.4052734375,-1296.880859375,129.21875
-489.4853515625,-716.05078125,25.248840332031
-77.2392578125,-1136.3759765625,1.078125
1636.1298828125,-2237.677734375,13.506058692932
1572.5693359375,-2242.9287109375,-2.7005190849304
1568.48046875,-2333.177734375,-2.6844439506531
1792.9951171875,-2334.0615234375,-2.6847453117371
1806.4775390625,-2303.0615234375,-2.5784506797791
1598.80078125,-2639.578125,13.546875
1685.734375,-2638.685546875,13.601192474365
1757.38671875,-2640.12890625,13.624307632446
1898.04296875,-2640.3408203125,13.634287834167
-726.4716796875,-104.1103515625,68.285224914551
-435.5908203125,-59.4892578125,58.875
-107.7705078125,-219.7900390625,1.9970067739487
-121.533203125,-232.7431640625,1.421875
-155.19921875,-293.9130859375,3.9053149223328
-132.642578125,-313.8212890625,2.7646160125732
-114.1904296875,-314.3271484375,2.7646160125732
-84.361328125,-301.16015625,2.7646157741547
-49.3046875,-269.6494140625,6.633186340332
-11.07421875,-269.5751953125,5.4296875
32.3818359375,-290.8232421875,2.195987701416
84.34375,-314.5419921875,1.578125
93.677734375,-308.94921875,1.578125
90.53515625,-185.2373046875,1.484375
121.9404296875,-294.06640625,1.578125
79.8994140625,-179.513671875,1.5788015127182
151.1376953125,-300.646484375,1.578125
194.771484375,-225.9521484375,1.778618812561
220.5595703125,-233.78515625,1.778618812561
243.986328125,-47.2861328125,1.578125
321.0517578125,-44.62890625,1.5699377059937
331.26171875,-39.9609375,2.2255229949951
344.6259765625,-71.193359375,2.4308085441589
374.6015625,-76.740234375,1.3828125
105.8173828125,-189.13671875,1.5086135864258
312.5322265625,-153.5458984375,1.578125
308.158203125,-191.17578125,1.578125
303.169921875,-238.26953125,1.578125
162.3916015625,-43.6484375,1.578125
155.21484375,-21.7392578125,1.578125
159.08203125,-22.6591796875,1.578125
277.880859375,5.529296875,2.4217844009399
209.603515625,26.099609375,2.57080078125
214.177734375,22.1083984375,2.57080078125
202.302734375,-182.6708984375,1.578125
1206.623046875,174.1494140625,20.466976165771
1243.7236328125,216.51953125,19.5546875
1268.3505859375,232.5703125,25.048685073853
1254.826171875,241.130859375,19.5546875
1357.919921875,361.603515625,20.499504089355
1323.5478515625,286.693359375,20.045194625854
1199.2802734375,243.4189453125,19.5546875
1427.1650390625,270.5390625,19.5546875
1418.296875,221.408203125,19.561782836914
2321.544921875,-62.4482421875,26.484375
2318.248046875,-51.705078125,26.484375
2315.5703125,33.6708984375,27.473955154419
2324.9736328125,12.3369140625,26.484375
2315.2060546875,56.0517578125,26.481512069702
636.0791015625,-499.974609375,16.3359375
710.0751953125,-569.740234375,16.3359375
812.3603515625,-562.751953125,16.3359375
843.13671875,-603.37109375,18.421875
797.4208984375,-620.9560546875,16.3359375
725.626953125,-469.60546875,16.3359375
684.79296875,-444.8583984375,16.3359375
1579.150390625,-1413.5146484375,13.546875
1702.2421875,-1469.3564453125,13.546875
1580.3486328125,-1634.7626953125,13.561421394348
1611.162109375,-1720.8974609375,6.21875
1291.7822265625,-1253.8310546875,13.546875
1297.7333984375,-1254.0087890625,13.546875
1319.7333984375,-1241.2666015625,13.546875
1122.3857421875,-1334.6923828125,12.765430450439
1112.900390625,-1334.5439453125,12.777824401855
1095.501953125,-1333.6240234375,12.854690551758
1084.4580078125,-1223.2919921875,15.8203125
1107.0908203125,-1180.970703125,18.788990020752
1702.1064453125,913.7470703125,10.8203125
1732.7607421875,987.923828125,10.8203125
1629.96875,962.341796875,10.808609962463
1630.2109375,976.7177734375,10.8203125
1624.7265625,1039.009765625,10.8203125
1641.337890625,1074.083984375,10.8203125
1707.5380859375,1074.3359375,10.8203125
1612.294921875,915.7236328125,10.694253921509
1524.279296875,1009.5546875,10.8203125
1466.189453125,1067.859375,10.007030487061
1468.21875,1039.86328125,10.176633834839
1451.1953125,972.626953125,10.113735198975
1407.1533203125,969.900390625,10.812976837158
1404.8310546875,1147.681640625,10.8203125
1354.0390625,1153.826171875,10.8203125
1357.412109375,1043.3046875,10.8203125
1317.8544921875,1252.9453125,14.273136138916
1267.9306640625,1335.9736328125,10.812978744507
1269.349609375,1372.19140625,10.8203125
1304.330078125,1612.9052734375,10.8203125
1340.673828125,1701.0634765625,10.8203125
1345.853515625,1751.7734375,10.8203125
1595.265625,1449.966796875,10.828193664551
1567.91796875,1152.4404296875,10.8125
1588.4033203125,1152.64453125,10.805154800415
1667.9609375,1327.03515625,10.76210975647
1653.267578125,1687.5673828125,10.8203125
1661.232421875,1699.3662109375,10.8203125
1716.154296875,1616.421875,10.04080581665
1734.1572265625,1168.533203125,10.8203125
1714.0908203125,1161.8291015625,10.785179138184
1679.5263671875,1165.91796875,10.8203125
1715.9091796875,1314.2109375,10.8203125
1684.2109375,1849.6982421875,10.8203125
1723.640625,2026.0478515625,10.8203125
1311.5478515625,2085.80859375,10.8203125
1490.9951171875,2364.2392578125,10.8203125
1515.6279296875,2364.55078125,10.8203125
1642.16015625,2338.59765625,9.9275417327881
1678.6640625,2340.228515625,10.005611419678
1677.1953125,2312.1484375,9.8829164505005
1658.9814453125,2200.345703125,10.8203125
1751.7412109375,2233.44140625,10.8203125
1751.6025390625,2202.806640625,10.8203125
1914.9599609375,1988.7490234375,7.5945882797241
1856.3515625,1979.90234375,7.5950384140015
1913.951171875,1931.6240234375,13.784772872925
1932.2236328125,1816.25390625,12.714401245117
1915.0048828125,1727.3134765625,12.714403152466
2016.1767578125,1751.3125,12.77968120575
1947.13671875,2070.68359375,10.8203125
2008.15234375,2224.7578125,11.185302734375
1983.005859375,2262.955078125,20.525520324707
2063.337890625,2239.943359375,10.114772796631
2185.8486328125,2503.96484375,10.8203125
2117.591796875,2416.0634765625,36.6171875
2098.9580078125,2420.9765625,74.578598022461
2174.9921875,961.966796875,10.8203125
2379.8017578125,1041.314453125,10.8203125
2497.515625,1213.3046875,10.8203125
2588.2197265625,1202.5556640625,10.8203125
2599.9150390625,1267.041015625,10.8203125
2230.4013671875,1431.62109375,11.0546875
2297.9111328125,1458.0966796875,36.421875
2609.7099609375,1437.61328125,10.8203125
2609.2578125,1437.6875,10.8203125
2407.87890625,1723.3291015625,10.8203125
2477.8564453125,1761.0068359375,10.8203125
2466.38671875,1762.009765625,10.8203125
2454.20703125,1761.912109375,10.8203125
2351.79296875,1882.0380859375,10.671875
2220.0244140625,1979.2744140625,9.8671274185181
2277.4658203125,1969.9189453125,15.5703125
2297.9990234375,1981.5712890625,20.822093963623
2298.341796875,1980.94140625,26.299333572388
2277.263671875,1944.7265625,32.0078125
2515.4912109375,2321.9970703125,10.8203125
2295.2236328125,2440.34765625,10.8203125
2295.6240234375,2477.6123046875,10.8203125
1033.5419921875,-1116.2109375,23.893451690674
1011.9638671875,-1116.595703125,23.898933410645
901.11328125,-1202.6923828125,16.983215332031
836.623046875,-1203.15625,16.9765625
861.3544921875,-1256.3896484375,14.760587692261
846.0087890625,-1292.974609375,13.652151107788
910.306640625,-1235.380859375,17.218402862549
915.8447265625,-1235.5244140625,17.2109375
979.2724609375,-1254.681640625,16.946468353271
1031.8544921875,-1448.833984375,13.554634094238
1005.0517578125,-1463.7822265625,13.555473327637
855.6826171875,-1360.052734375,13.745624542236
858.552734375,-1422.9619140625,12.336584091187
992.896484375,-1521.701171875,13.552418708801
733.05078125,-1359.1865234375,23.579231262207
732.6806640625,-1335.3681640625,13.538493156433
435.0791015625,-1361.904296875,14.809816360474
438.4423828125,-1360.453125,14.816032409668
442.7666015625,-1355.5517578125,14.82363986969
564.359375,-1293.5673828125,17.248237609863
-538.368896, -528.564453, 25.600000
-612.291138, -537.742004, 25.600000
-599.274963, -532.970337, 25.600000
-610.298340, -498.697296, 25.600000
-580.401428, -499.452118, 25.523438
-615.603271, -514.514709, 25.600000
752.105835, -1334.795898, 13.539751
746.749695, -1356.325317, 21.596956
749.063416, -1333.688110, 21.596703
663.091064, -1375.399902, 21.825258
663.865112, -1338.547119, 21.699076
1945.652710, -1989.061646, 13.546875
1933.649780, -2012.423950, 13.546875
1945.943481, -2008.088867, 22.500000
1946.128052, -2027.073975, 13.554684
-1822.475342, 2046.394531, 11.655366
-1812.609131, 2039.484253, 11.655366
-1820.594971, 2063.979004, 9.314361
-1881.713745, 2053.762939, 5.954688
-1866.254028, 2011.669067, 5.954688
2776.3916015625,-2445.9912109375,13.63644695282
2776.302734375,-2465.4873046875,13.636467933655
2794.921875,-2483.4482421875,13.641567230225
2776.123046875,-2504.1513671875,13.633953094482
2743.7646484375,-2452.8408203125,13.86225605011
2799.1015625,-2393.4853515625,13.95600605011
-2457.4091796875,777.58203125,35.171875
2776.4013671875,-2408.6435546875,13.648777008057
2786.978515625,-2428.1826171875,13.633860588074
2505.9169921875,-2454.0302734375,17.882808685303
2513.732421875,-2417.6318359375,17.882808685303
2430.7978515625,-2467.2958984375,13.632326126099
2503.6875,-2640.958984375,13.86225605011
2156.107421875,-2667.9794921875,17.882808685303
2522.244140625,-2207.9345703125,17.357162475586
2582.486328125,-2207.126953125,17.357162475586
2707.0185546875,-2188.779296875,13.546875
2588.0048828125,-2192.29296875,13.546875
2198.08984375,-2412.8046875,13.546875
-2717.859375,197.87109375,4.3418498039246
-2729.1767578125,72.939453125,4.3359375
-2742.349609375,129.5283203125,4.5390625
2210.150390625,-2205.2861328125,15.171091079712
2160.1572265625,-2232.23828125,13.305326461792
2167.23046875,-2264.46875,13.309000968933
2222.744140625,-2273.068359375,14.764669418335
2272.5087890625,-2264.4091796875,14.764669418335
-2528.4912109375,-20.396484375,16.421875
2094.72265625,-2155.9580078125,13.6328125
-2492.84375,155.6650390625,8.4730567932129
-2489.359375,94.734375,25.6171875
1984.5498046875,-2155.3212890625,13.546875
2163.51953125,-1988.986328125,14.133599281311
2228.294921875,-2060.638671875,13.546875
2201.482421875,-1969.498046875,13.78413105011
2225.234375,-2040.5390625,17.271224975586
-2562.443359375,323.0859375,10.5625
2371.6875,-2114.6640625,27.1796875
-2498.576171875,315.3271484375,29.1328125
2512.251953125,-2073.181640625,26.5546875
1856.962890625,-2336.6005859375,13.546875
1840.83203125,-2638.27734375,13.546875
2133.15234375,-2410.599609375,13.546875
1683.9970703125,-2006.8037109375,14.129119873047
-2312.7890625,-81.3466796875,35.3203125
-2151.6669921875,-147.22265625,36.467098236084
-2138.875,-247.572265625,36.515625
-2181.48828125,-205.2939453125,36.515625
-2109.4970703125,1.3935546875,35.3203125
-2026.8974609375,67.322265625,28.691593170166
-2102.4658203125,-16.56640625,35.3203125
2014.154296875,-2142.572265625,13.546875
-2135.8994140625,260.365234375,35.416137695312
-2060.3955078125,254.4658203125,37.178237915039
-2038.4873046875,171.05078125,28.8359375
2517.330078125,-1975.669921875,15.806817054749
2490.5400390625,-1975.6357421875,15.806816101074
2440.1650390625,-1970.5771484375,13.546875
-2054.3291015625,309.2421875,41.864288330078
-1942.6982421875,271.9892578125,41.047080993652
-1905.5556640625,220.7880859375,35.15625
2440.7470703125,-1899.701171875,13.553356170654
-1811.0859375,-228.443359375,18.375
-1890.5712890625,-205.8447265625,14.304314613342
-1812.966796875,-136.107421875,6.1635961532593
-1864.2919921875,-145.5126953125,11.8984375
-1723.8125,-115.4794921875,3.5489187240601
-1577.10546875,25.8125,17.328125
-1699.376953125,76.025390625,3.5546875
-1639.8642578125,-35.89453125,3.8062529563904
-2094.9404296875,-104.001953125,35.3203125
-1979.365234375,426.9423828125,24.620567321777
2107.96484375,-1876.0947265625,13.546875
-1959.6044921875,620.4697265625,35.15119934082
1918.2236328125,-1864.302734375,13.561338424683
1851.8330078125,-1854.669921875,13.3828125
1855.572265625,-1857.4453125,13.3828125
-1606.2333984375,672.068359375,-4.90625
-1614.291015625,687.51171875,7.1875
1659.78515625,-1802.490234375,13.551996231079
1600.4599609375,-1842.94140625,13.500748634338
1610.8515625,-1897.546875,13.547914505005
-2277.353515625,528.3818359375,35.171875
-2567.2490234375,552.7353515625,14.560428619385
-2447.671875,522.552734375,30.3671875
1180.7099609375,-1877.30078125,13.558115959167
867.7431640625,-1799.00390625,13.815788269043
534.6474609375,-1819.181640625,6.5712623596191
403.716796875,-1729.150390625,9.3225193023682
-2661.3984375,780.7861328125,49.984375
477.9423828125,-1745.3037109375,9.3753871917725
-2569.2197265625,850.6640625,54.728054046631
-2473.40625,1065.9775390625,55.7265625
-1951.9853515625,305.5302734375,41.047080993652
-1952.626953125,306.1337890625,35.46875
-1942.427734375,276.8486328125,35.473926544189
-1924.1845703125,307.748046875,41.046875
-1828.5634765625,49.87890625,15.122790336609
-1706.7421875,-4.7578125,3.5489187240601
-1720.9599609375,11.4248046875,3.6017475128174
-1253.5400390625,48.671875,14.136159896851
-1478.693359375,-43.5625,6
-1477.609375,-42.32421875,6
-1476.90234375,-58.015625,6
-1386.990234375,-128.1787109375,6
-1388.478515625,-284.5263671875,6
-1448.7568359375,-564.4248046875,14.171875
-1472.970703125,-518.5029296875,14.171875
-1405.8056640625,-536.5751953125,14.171875
-1333.8408203125,-504.0439453125,14.171875
-1391.2783203125,-481.28515625,14.17760848999
-1373.59765625,-523.1064453125,14.387755393982
-2254.005859375,2384.23828125,4.8753604888916
-2283.8837890625,2286.287109375,5.0520958900452
-2292.5751953125,2288.9736328125,4.9279627799988
-1827.052734375,673.751953125,30.43127822876
2642.6103515625,-1954.4521484375,13.546875
-2438.6748046875,1028.6884765625,50.390625
988.9541015625,-1751.853515625,13.501810073853
-2385.6103515625,2216.5029296875,4.984375
-2434.7314453125,2259.6591796875,4.984375
-2434.7138671875,2313.1669921875,4.984375
-2277.4765625,541.400390625,35.171875
-2237.4697265625,2353.96875,4.9795379638672
-2237.6259765625,2328.5283203125,4.9917659759521
-2186.2587890625,2417.8935546875,5.1900615692139
-1976.796875,1222.302734375,31.804220199585
1059.9755859375,-1607.0107421875,20.486064910889
-2163.0830078125,1232.802734375,33.9296875
-1389.384765625,2631.7880859375,55.984375
1217.2373046875,-1694.0810546875,19.734375
-2232.9521484375,1108.0458984375,80.000846862793
1275.37109375,-1693.55859375,19.734375
1271.240234375,-1663.734375,19.734375
-1695.42578125,1035.39453125,45.2109375
-1477.6123046875,2641.919921875,58.787948608398
-1484.66796875,2613.5341796875,58.787948608398
-1477.1865234375,2612.6484375,58.78125
-1484.5830078125,2641.2255859375,58.78125
-1421.85546875,2592.2119140625,55.805564880371
-1512.234375,1277.25390625,7.1793155670166
-1581.439453125,1277.2626953125,7.1793193817139
-1505.345703125,2625.1787109375,55.8359375
-1740.6875,1429.1533203125,7.1875
-1734.6669921875,1480.083984375,7.1875
-1734.6396484375,1526.626953125,7.1875
-1459.62109375,2616.5546875,55.8359375
-1783.3955078125,1479.1494140625,7.1875
-1834.2744140625,1429.4599609375,7.1875
-1828.0693359375,1503.068359375,7.1841449737549
-1936.0712890625,1492.87109375,7.1846542358398
-3921.830078125,1461.33984375,7.1784248352051
-1976.72265625,1272.982421875,7.6033039093018
-1788.0654296875,1209.064453125,25.125
-1784.8193359375,1209.0751953125,25.125
2728.212890625,-2381.5576171875,17.340341567993
2649.189453125,-2380.65625,17.340341567993
2771.345703125,-1628.1552734375,12.177460670471
2767.8173828125,-1606.0390625,10.921875
2662.1533203125,-1591.6259765625,13.733552932739
2657.189453125,-1589.662109375,13.975473403931
2686.1572265625,-1472.4228515625,30.562562942505
2786.0751953125,-1436.072265625,30.453125
2784.5732421875,-1466.3921296875,30.453125
2779.732421875,-1415.9208984375,24.745338439941
2052.8408203125,-1093.19140625,24.60772895813
1988.037109375,-1083.453125,24.847997665405
2128.4111328125,-1153.3740234375,23.999715805054
2209.7900390625,-1183.6982421875,33.53125
2195.6474609375,-1153.080078125,33.524044036865
2413.5537109375,-1433.1435546875,24.002767562866
2410.8359375,-1410.435546875,24.116115570068
1880.806640625,-1312.376953125,14.500373840332
1888.21875,-1320.0537109375,14.500373840332
1863.4541015625,-1305.39453125,13.564666748047
1912.0556640625,-1777.8564453125,13.3828125
2195.7939453125,-1506.9921875,23.942268371582
2188.78125,-1506.7568359375,23.934396743774
2182.078125,-1503.638671875,23.953277587891
2174.5849609375,-1502.818359375,23.956878662109
2482.080078125,-1464.7060546875,24.016670227051
2507.96875,-1470.78125,24.035413742065
-1438.2265625,1491.7197265625,1.8671875
-1393.9892578125,1482.345703125,1.8671875
-1384.146484375,1485.1513671875,8.90625
-1375.58203125,1488.880859375,11.203125
-1477.5126953125,1491.2021484375,8.2578125
-2472.4375,1551.5849609375,33.227333068848
-2474.591796875,1554.1279296875,33.234375
-2473.9599609375,1533.3359375,28.828125
-2388.375,1547.650390625,2.1171875
-2366.5205078125,1535.642578125,2.1171875
-769.458984375,1483.8896484375,24.552076339722
-897.0498046875,1970.2177734375,60.635875703921
2442.919921875,-1759.125,13.591394424438
-911.96875,2686.4091796875,42.370262145996
-738.3603515625,2755.755859375,47.2265625
-226.3466796875,1407.875,69.9375
-317.9130859375,2659.14453125,63.869228363037
388.6513671875,2603.099609375,16.484375
377.728515625,2590.71484375,16.484375
315.5087890625,2543.5087890625,16.812480926514
335.2490234375,2548.2568359375,16.802839279175
301.111328125,2543.0947265625,16.819511413574
280.3330078125,2542.486328125,16.817897796631
237.46875,1857.9521484375,17.856994628906
246.6162109375,1859.0380859375,14.084012985229
245.3564453125,1876.9365234375,8.7578125
240.4501953125,1861.759765625,8.7578125
266.8359375,1839.326171875,6.4769406318665
248.4287109375,1816.5673828125,7.5546875
214.4873046875,1826.7333984375,6.4140625
187.6884765625,1371.734375,23.734375
1576.45703125,-1474.689453125,14.220542907715
215.294921875,1467.6572265625,23.734375
246.6611328125,1436.59375,23.37028503418
247.2685546875,1386.244140625,23.37028503418
153.4189453125,1392.3291015625,10.5859375
152.869140625,1427.5263671875,10.591223716736
120.7529296875,1457.1083984375,10.62112903595
353.9873046875,1304.2353515625,13.362517356873
434.228515625,1271.048828125,10.023582458496
625.8408203125,1358.8427734375,13.182829856873
577.0146484375,1427.8330078125,12.331267356873
538.203125,1472.2490234375,5.6047048568726
486.564453125,1529.7919921875,1.4532699584961
436.458984375,1566.5390625,12.784392356873
-99.3193359375,1085.2294921875,19.7421875
321.30859375,872.3779296875,20.399021148682
322.3681640625,857.4912109375,20.40625
565.2353515625,824.109375,-22.127143859863
680.2529296875,827.109375,-38.992092132568
691.91796875,847.9931640625,-39.007717132568
587.9296875,871.0205078125,-42.497318267822
816.4755859375,856.998046875,12.7890625
565.2099609375,1311.640625,11.268767356873
801.9951171875,1669.6689453125,5.28125
769.88671875,2053.193359375,6.7109375
782.0654296875,2067.880859375,6.7109375
756.97265625,2075.8623046875,6.7109375
1049.11328125,2908.890625,47.82311630249
1065.9228515625,2914.05859375,47.82311630249
2006.623046875,2908.3876953125,47.82311630249
2024.85546875,2914.5341796875,47.82311630249
2810.7294921875,2918.40234375,36.5046043396
2918.853515625,2119.3095703125,17.895481109619
2818.671875,854.90234375,10.016822814941
2856.1015625,855.2392578125,9.9886856079102
2845.658203125,953.3330078125,10.75
2816.5166015625,971.9853515625,10.75
2699.150390625,876.2041015625,10.457724571228
2686.73828125,835.8828125,19.081390380859
2560.8037109375,786.283203125,5.3157968521118
2571.9599609375,786.2587890625,10.954463005066
2559.4072265625,787.1552734375,10.954463005066
1664.3408203125,733.4111328125,10.8203125
1038.689453125,1015.6962890625,11
1059.0615234375,1239.1982421875,10.827476501465
1060.6962890625,1277.2705078125,10.8203125
1042.611328125,1305.5810546875,10.8203125
939.115234375,1739.154296875,8.8515625
952.1171875,1769.9970703125,8.8515625
976.6630859375,2081,10.8203125
925.6767578125,2083.236328125,10.8203125
926.4384765625,2057.66796875,10.8203125
967.640625,2159.4072265625,10.8203125
1091.0048828125,2116.341796875,15.350400924683
1079.990234375,2132.2490234375,10.8203125
1085.25390625,2119.986328125,10.8203125
1063.5029296875,2079.5068359375,10.8203125
1125.619140625,2008.794921875,10.8203125
1125.2802734375,1985.640625,10.8203125
1085.5263671875,1911.3779296875,10.8203125
1111.28125,1914.15234375,10.8203125
1053.90234375,2252.34375,10.8203125
1025.453125,2268.9248046875,10.8203125
1103.5712890625,2326.3046875,10.8203125
1121.9013671875,2342.8671875,10.8203125
1153.9189453125,2341.7431640625,10.8203125
1070.7001953125,2170.1552734375,16.71875
2103.4658203125,2677.0498046875,10.812969207764
2108.1220703125,2652.4365234375,10.812969207764
2120.177734375,2655.0498046875,10.812969207764
2142.5478515625,2718.3193359375,10.8203125
2193.6806640625,2791.447265625,10.8203125
2198.767578125,2791.92578125,10.8203125
2214.35546875,2792.78515625,10.8203125
2207.486328125,2725.767578125,10.8203125
2263.376953125,2753.75,10.8203125
2263.515625,2778.1767578125,10.8203125
2289.6416015625,2783.9775390625,10.8203125
2291.798828125,2755.451171875,10.8203125
2291.7548828125,2739.0244140625,10.8203125
2315.318359375,2768.935546875,10.8203125
2335.0419921875,2786.3701171875,10.8203125
2343.5244140625,2766.2724609375,10.8203125
2358.9091796875,2774.96875,10.8203125
2420.7333984375,2780.388671875,10.8203125
2502.482421875,2777.712890625,10.8203125
2551.6826171875,2815.7275390625,10.8203125
2596.8330078125,2808.8125,11.015830993652
2613.2099609375,2810.5712890625,10.8203125
2608.689453125,2839.23046875,10.8203125
2624.767578125,2840.0634765625,10.8203125
2598.2841796875,2799.8720703125,10.8203125
2717.3310546875,2849.201171875,10.8203125
2737.30859375,2753.4443359375,10.8203125
2714.6796875,2673.611328125,10.8203125
2622.2392578125,2715.6875,36.538642883301
2662.0908203125,2676.90234375,10.8203125
2681.4990234375,2667.1689453125,10.8203125
2793.83984375,2530.25390625,11.0625
2905.978515625,2491.16796875,11.0625
2808.833984375,2019.7890625,10.8203125
2800.5009765625,2020.421875,10.812992095947
2808.4169921875,1986.646484375,10.8203125
2807.7001953125,1634.1181640625,10.8203125
2816.5810546875,1687.5234375,10.8203125
2823.9375,1634.9892578125,10.8203125
2832.07421875,1689.4052734375,10.8203125
2839.3994140625,1634.103515625,10.8203125
2847.9248046875,1689.35546875,10.8203125
2868.0625,1588.8525390625,10.8203125
2867.9873046875,1621.4189453125,10.8203125
2874.4990234375,1587.3759765625,10.8203125
2882.8896484375,1621.7314453125,10.8203125
2889.8212890625,1590.45703125,10.8203125
2899.5361328125,1620.791015625,10.8203125
2781.5419921875,1444.8740234375,10.696803092957
2856.9775390625,1284.5283203125,11.390625
2857.044921875,1308.8486328125,11.390625
2815.3505859375,1244.990234375,11.3125
2774.4541015625,1243.3193359375,11.3125
-1951.3173828125,1000.6396484375,35.175628662109
-1320.685546875,493.205078125,18.234375
-1479.3505859375,430,7.1875
-1422.6416015625,372.73046875,7.1875
-1465.4599609375,337.732421875,7.1875
-1728.029296875,181.03515625,3.5546875
-1691.2890625,-87.5361328125,3.5715780258179
-1197.2041015625,-130.8515625,14.1484375
-1233.2412109375,-86.5556640625,14.29193687439
-1816.6513671875,-180.69140625,9.3984375
-2084.64453125,-743.4033203125,32.171875
-2096.4130859375,-809.65234375,32.171875
-2067.6474609375,-860.0107421875,32.171875
-2079.0458984375,-925.1484375,32.171875
-2095.75390625,-966.0205078125,32.171875
-1964.25,-755.33984375,35.890884399414
-1945.4501953125,-806.0654296875,35.93962097168
-1964.26171875,-879.8671875,36.262706756592
-1945.1962890625,-911.0498046875,35.890884399414
-1963.6259765625,-959.3974609375,36.290878295898
-2520.646484375,-624.9404296875,132.78553771973
-2521.90625,-624.951171875,132.78158569336
-2535.2138671875,-688.673828125,139.3203125
-2505.955078125,-666.00390625,139.3203125
-1940.962890625,-1091.6123046875,32.175434112549
-1948.9638671875,-1091.5654296875,32.175434112549
-1437.4697265625,-964.10546875,201.05328369141
-1424.443359375,-967.3876953125,200.81311035156
-1181.90234375,-1133.8779296875,129.21875
-1184.7333984375,-1143.9267578125,129.21875
-993.9638671875,-700.7119140625,32.0078125
-1053.3310546875,-694.8388671875,32.3515625
-1103.5712890625,-752.294921875,32.0078125
-1115.271484375,-667.0048828125,32.0078125
-1067.7939453125,-597.3525390625,32.0078125
-576.1923828125,-538.9931640625,25.5234375
-529.0849609375,-539.048828125,25.5234375
-520.630859375,-506.4384765625,24.515340805054
-619.578125,-490.775390625,25.5234375
-395.06640625,-1148.8955078125,69.414436340332
-58.3115234375,-1112.5966796875,1.3712005615234
-69.4423828125,-1104.060546875,1.078125
-87.0576171875,-1212.1640625,2.890625
-90.9384765625,-1576.271484375,2.6171875
-263.8203125,-2183.5810546875,28.937950134277
-1971.6767578125,-2431.595703125,30.625
-1992.8837890625,-2388.359375,30.625
-2091.8896484375,-2260.0693359375,30.625
-2120.6064453125,-2296.5361328125,30.631944656372
-2198.0224609375,-2329.6279296875,30.625
-2183.4765625,-2430.1669921875,35.5234375
-2156.3916015625,-2552.9521484375,30.6171875
-2241.3623046875,-2479.634765625,31.216468811035
-2226.1494140625,-2400.462890625,31.984375
-2191.7451171875,-2432.1484375,31.484375
-2015.0400390625,-2395.818359375,30.625
-2816.2548828125,-1515.603515625,140.84375
-1830.9814453125,-1603.1318359375,23.015625
-1805.3876953125,-1602.94140625,23.015625
-1920.52734375,-1671.5361328125,23.015625
-1849.0419921875,-1604.025390625,21.7578125
-1846.5400390625,-1708.5849609375,41.113433837891
-1425.5751953125,-1553.6083984375,102.359375
-1467.59375,-1522.412109375,101.75132751465
-1632.8955078125,-2247.5673828125,31.4765625
-1119.7041015625,-1626.40234375,76.37393951416
-1112.24609375,-1677.064453125,76.3671875
-1079.4052734375,-1296.880859375,129.21875
-489.4853515625,-716.05078125,25.248840332031
-77.2392578125,-1136.3759765625,1.078125
1636.1298828125,-2237.677734375,13.506058692932
1572.5693359375,-2242.9287109375,-2.7005190849304
1568.48046875,-2333.177734375,-2.6844439506531
1792.9951171875,-2334.0615234375,-2.6847453117371
1806.4775390625,-2303.0615234375,-2.5784506797791
1598.80078125,-2639.578125,13.546875
1685.734375,-2638.685546875,13.601192474365
1757.38671875,-2640.12890625,13.624307632446
1898.04296875,-2640.3408203125,13.634287834167
-726.4716796875,-104.1103515625,68.285224914551
-435.5908203125,-59.4892578125,58.875
-107.7705078125,-219.7900390625,1.9970067739487
-121.533203125,-232.7431640625,1.421875
-155.19921875,-293.9130859375,3.9053149223328
-132.642578125,-313.8212890625,2.7646160125732
-114.3921296875,-314.3271484375,2.7646160125732
-84.361328125,-301.16015625,2.7646157741547
-49.3046875,-269.6494140625,6.633186340332
-11.07421875,-269.5751953125,5.4296875
32.3818359375,-290.8232421875,2.195987701416
84.34375,-314.5419921875,1.578125
93.677734375,-308.94921875,1.578125
90.53515625,-185.2373046875,1.484375
121.9404296875,-294.06640625,1.578125
79.8994140625,-179.513671875,1.5788015127182
151.1376953125,-300.646484375,1.578125
194.771484375,-225.9521484375,1.778618812561
220.5595703125,-233.78515625,1.778618812561
243.986328125,-47.2861328125,1.578125
321.0517578125,-44.62890625,1.5699377059937
331.26171875,-39.9609375,2.2255229949951
344.6259765625,-71.193359375,2.4308085441589
374.6015625,-76.740234375,1.3828125
105.8173828125,-189.13671875,1.5086135864258
312.5322265625,-153.5458984375,1.578125
308.158203125,-191.17578125,1.578125
303.169921875,-238.26953125,1.578125
162.3916015625,-43.6484375,1.578125
155.21484375,-21.7392578125,1.578125
159.08203125,-22.6591796875,1.578125
277.880859375,5.529296875,2.4217844009399
209.603515625,26.099609375,2.57080078125
214.177734375,22.1083984375,2.57080078125
202.302734375,-182.6708984375,1.578125
1206.623046875,174.1494140625,20.466976165771
1243.7236328125,216.51953125,19.5546875
1268.3505859375,232.5703125,25.048685073853
1254.826171875,241.130859375,19.5546875
1357.919921875,361.603515625,20.499504089355
1323.5478515625,286.693359375,20.045194625854
1199.2802734375,243.4189453125,19.5546875
1427.1650390625,270.5390625,19.5546875
1418.296875,221.408203125,19.561782836914
2321.544921875,-62.4482421875,26.484375
2318.248046875,-51.705078125,26.484375
2315.5703125,33.6708984375,27.473955154419
2324.9736328125,12.3369140625,26.484375
2315.2060546875,56.0517578125,26.481512069702
636.0791015625,-499.974609375,16.3359375
710.0751953125,-569.740234375,16.3359375
812.3603515625,-562.751953125,16.3359375
843.13671875,-603.37109375,18.421875
797.4208984375,-620.9560546875,16.3359375
725.626953125,-469.60546875,16.3359375
684.79296875,-444.8583984375,16.3359375
1579.150390625,-1413.5146484375,13.546875
1702.2421875,-1469.3564453125,13.546875
1580.3486328125,-1634.7626953125,13.561421394348
1611.162109375,-1720.8974609375,6.21875
1291.7822265625,-1253.8310546875,13.546875
1297.7333984375,-1254.0087890625,13.546875
1319.7333984375,-1241.2666015625,13.546875
1122.3857421875,-1334.6923828125,12.765430450439
1112.900390625,-1334.5439453125,12.777824401855
1095.501953125,-1333.6240234375,12.854690551758
1084.4580078125,-1223.2919921875,15.8203125
1107.0908203125,-1180.970703125,18.788990020752
1702.1064453125,913.7470703125,10.8203125
1732.7607421875,987.923828125,10.8203125
1629.96875,962.341796875,10.808609962463
1630.2109375,976.7177734375,10.8203125
1624.7265625,1039.009765625,10.8203125
1641.337890625,1074.083984375,10.8203125
1707.5380859375,1074.3359375,10.8203125
1612.294921875,915.7236328125,10.694253921509
1524.279296875,1009.5546875,10.8203125
1466.189453125,1067.859375,10.007030487061
1468.21875,1039.86328125,10.176633834839
1451.1953125,972.626953125,10.113735198975
1407.1533203125,969.900390625,10.812976837158
1404.8310546875,1147.681640625,10.8203125
1354.0390625,1153.826171875,10.8203125
1357.412109375,1043.3046875,10.8203125
1267.9306640625,1335.9736328125,10.812978744507
1269.349609375,1372.19140625,10.8203125
1304.330078125,1612.9052734375,10.8203125
1595.265625,1449.966796875,10.828193664551
1667.9609375,1327.03515625,10.76210975647
1653.267578125,1687.5673828125,10.8203125
1661.232421875,1699.3662109375,10.8203125
1716.154296875,1616.421875,10.04080581665
1734.1572265625,1168.533203125,10.8203125
1714.0908203125,1161.8291015625,10.785179138184
1679.5263671875,1165.91796875,10.8203125
1715.9091796875,1314.2109375,10.8203125
1684.2109375,1849.6982421875,10.8203125
1723.640625,2026.0478515625,10.8203125
1311.5478515625,2085.80859375,10.8203125
1490.9951171875,2364.2392578125,10.8203125
1515.6279296875,2364.55078125,10.8203125
1642.16015625,2338.59765625,9.9275417327881
1678.6640625,2340.228515625,10.005611419678
1677.1953125,2312.1484375,9.8829164505005
1658.9814453125,2200.345703125,10.8203125
1751.7412109375,2233.44140625,10.8203125
1751.6025390625,2202.806640625,10.8203125
1914.9599609375,1988.7490234375,7.5945882797241
1856.3515625,1979.90234375,7.5950384140015
1913.951171875,1931.6240234375,13.784772872925
1932.2236328125,1816.25390625,12.714401245117
1915.0048828125,1727.3134765625,12.714403152466
2016.1767578125,1751.3125,12.77968120575
1947.13671875,2070.68359375,10.8203125
2008.15234375,2224.7578125,11.185302734375
1983.005859375,2262.955078125,20.525520324707
2063.337890625,2239.943359375,10.114772796631
2185.8486328125,2503.96484375,10.8203125
2117.591796875,2416.0634765625,36.6171875
2098.9580078125,2420.9765625,74.578598022461
2174.9921875,961.966796875,10.8203125
2379.8017578125,1041.314453125,10.8203125
2497.515625,1213.3046875,10.8203125
2588.2197265625,1202.5556640625,10.8203125
2599.9150390625,1267.041015625,10.8203125
2230.4013671875,1431.62109375,11.0546875
2297.9111328125,1458.0966796875,36.421875
2609.7099609375,1437.61328125,10.8203125
2609.2578125,1437.6875,10.8203125
2407.87890625,1723.3291015625,10.8203125
2477.8564453125,1761.0068359375,10.8203125
2466.38671875,1762.009765625,10.8203125
2454.20703125,1761.912109375,10.8203125
2351.79296875,1882.0380859375,10.671875
2220.0244140625,1979.2744140625,9.8671274185181
2277.4658203125,1969.9189453125,15.5703125
2297.9990234375,1981.5712890625,20.822093963623
2298.341796875,1980.94140625,26.299333572388
2277.263671875,1944.7265625,32.0078125
2515.4912109375,2321.9970703125,10.8203125
2295.2236328125,2440.34765625,10.8203125
2295.6240234375,2477.6123046875,10.8203125
1033.5419921875,-1116.2109375,23.893451690674
1011.9638671875,-1116.595703125,23.898933410645
901.11328125,-1202.6923828125,16.983215332031
836.623046875,-1203.15625,16.9765625
861.3544921875,-1256.3896484375,14.760587692261
846.0087890625,-1292.974609375,13.652151107788
910.306640625,-1235.380859375,17.218402862549
915.8447265625,-1235.5244140625,17.2109375
979.2724609375,-1254.681640625,16.946468353271
1031.8544921875,-1448.833984375,13.554634094238
1005.0517578125,-1463.7822265625,13.555473327637
855.6826171875,-1360.052734375,13.745624542236
858.552734375,-1422.9619140625,12.336584091187
992.896484375,-1521.701171875,13.552418708801
733.05078125,-1359.1865234375,23.579231262207
732.6806640625,-1335.3681640625,13.538493156433
435.0791015625,-1361.904296875,14.809816360474
438.4423828125,-1360.453125,14.816032409668
442.7666015625,-1355.5517578125,14.82363986969
564.359375,-1293.5673828125,17.248237609863
1063.83984375,789.41796875,10.758941650391
1071.9091796875,783.84375,10.728377342224
1059.548828125,775.0341796875,10.732897758484
1056.5693359375,784.70703125,10.762076377869
1043.939453125,771.8330078125,10.872904777527
1047.5849609375,765.4521484375,10.948934555054
973.4814453125,745.5517578125,10.799611091614
952.71875,747.099609375,10.679531097412
880.0458984375,720.15234375,11.074070930481
842.951171875,702.556640625,11.76598739624
568.744140625,690.7783203125,3.493067741394
392.4169921875,758.521484375,6.1343021392822
358.9833984375,753.046875,6.1267185211182
350.77734375,762.2099609375,6.1441202163696
344.03515625,752.869140625,6.1283760070801
333.90625,753.4091796875,6.1300897598267
172.7822265625,734.6728515625,6.1747241020203
-130.517578125,585.8203125,15.799774169922
-127.8642578125,591.052734375,15.784695625305
-464.6728515625,580.3505859375,17.232421875
-488.390625,581.9208984375,16.870845794678
-575.8671875,636.525390625,16.711200714111
-585.423828125,640.802734375,16.720363616943
-639.4462890625,658.396484375,16.821975708008
-665.35546875,659.021484375,16.633720397949
-698.0517578125,675.5576171875,16.635620117188

-1450.9267578125,-551.0439453125,14.472577095032
-1449.3095703125,-530.77734375,14.452227592468
-1436.091796875,-516.1376953125,14.467776298523
-1413.7158203125,-531.5478515625,14.475408554077
-1415.361328125,-505.888671875,14.451160430908
-1396.3447265625,-513.2998046875,14.507756233215
-1381.91796875,-505.462890625,14.472045898438
-1395.23046875,-493.1162109375,14.431522369385
-1377.6865234375,-473.05859375,14.474133491516
-1323.7177734375,-44.2451171875,14.164378166199
-1304.2529296875,-21.0869140625,14.188070297241
-1304.4951171875,-49.560546875,14.198530197144
-1311.2958984375,-56.859375,14.202187538147
-1295.626953125,7.8335938453674,15.042895317078
-1293.5595703125,6.5181641578674,19.549945831299
-1293.978515625,9.5689449310303,24.343912124634
-1288.984375,10.68515586853,24.345178604126
-1262.4443359375,456.900390625,7.2654671669006
-1292.265625,436.955078125,7.2975873947144
-1229.5482177734,449.1953125,7.9427042007446
-1232.9534912109,448.0888671875,12.450651168823
-1228.7064208984,446.8740234375,17.248620986938
-1228.0755615234,441.9150390625,17.246257781982
-1235.8470458984,444.1083984375,17.253734588623
-1541.79296875,476.45742797852,16.073436737061
-1531.3505859375,373.5693359375,7.5124998092651
-1547.9072265625,364.53515625,7.5124998092651
-1551.974609375,373.2880859375,7.5124998092651
-1551.1217041016,374.29550170898,12.340624809265
-1551.9556884766,374.30819702148,16.936752319336
-1562.9752197266,369.15390014648,16.577289581299
-1551.5240478516,374.29647827148,21.406593322754
-1470.869140625,312.986328125,7.2634677886963
-1468.4921875,319.1376953125,7.2395310401917
-1452.939453125,312.2734375,7.2644929885864
-1449.3388671875,319.7861328125,7.2360606193542

1717.95703125,1622.2109375,10.114353179932
1687.6767578125,1602.3310546875,10.901684761047
1677.17578125,1604.373046875,10.896184921265
1695.2109375,1657.1787109375,11.215123176575
1681.2138671875,1675.7646484375,11.150359153748
1667.451171875,1696.64453125,11.080993652344
1661.7958984375,1658.22265625,11.209833145142
1652.8544921875,1676.4462890625,11.154596328735
1636.59375,1662.904296875,11.156060218811
1629.244140625,1658.4501953125,11.207427024841
1607.8642578125,1654.4501953125,11.17921257019
1622.064453125,1683.2412109375,11.140899658203
1534.486328125,1732.458984375,10.866240501404
1554.4384765625,1733.26171875,10.875593185425
1543.431640625,1705.798828125,10.891444206238
1534.740234375,1766.82421875,10.866087913513
1551.8115234375,1739.5390625,10.895566940308
1540.2626953125,1741.974609375,10.888736724854
1533.8037109375,1799.3212890625,10.866315841675
1534.7021484375,1775.224609375,10.878523826599
1533.5341796875,1834.2783203125,10.865668296814
1533.388671875,1817.943359375,10.873575210571
1389.84375,1844.755859375,11.215628623962
1393.615234375,1844.962890625,11.215628623962
1375.7373046875,1844.8544921875,11.215628623962
1378.3896484375,1844.4248046875,11.215628623962
1362.25390625,1845.2646484375,11.215628623962
1365.1298828125,1845.1826171875,11.215628623962
1349.087890625,1845.095703125,11.315629005432
1353.408203125,1844.966796875,11.315629005432
1382.4873046875,1773.3681640625,10.90941619873
1404.9716796875,1774.5830078125,10.882811546326
1382.1162109375,1774.2646484375,10.8996925354
1344.8603515625,1770.0849609375,11.07968711853
1344.9462890625,1778.087890625,11.07968711853
1344.1064453125,1785.7451171875,11.07968711853
1322.49609375,1770.0712890625,11.07968711853
1321.66796875,1777.5595703125,11.07968711853
1321.6923828125,1784.98828125,11.07968711853
1363.6435546875,1681.7646484375,11.212685585022
1342.173828125,1667.20703125,11.140613555908
1366.3876953125,1626.4287109375,11.178314208984
1353.9921875,1649.8974609375,11.191188812256
1365.76953125,1596.2255859375,11.180125236511
1353.3359375,1605.0048828125,11.167804718018
1365.5966796875,1555.21484375,11.2185754776
1364.2060546875,1530.6103515625,11.173461914063
1364.212890625,1521.2841796875,11.211795806885
1366.0341796875,1497.3046875,11.174806594849
1365.8314208984,1492.7600097656,11.22082901001
1366.31640625,1464.9169921875,11.17430305481
1365.7431640625,1433.7470703125,11.174998283386
1326.626953125,1448.15625,11.113659858704
1365.6611328125,1372.9833984375,11.179545402527
1325.576171875,1369.359375,11.085252761841
1366.2431640625,1336.58203125,11.173177719116
1323.484375,1365.896484375,11.129314422607
1365.9951171875,1306.2470703125,11.175355911255
1323.23046875,1306.064453125,11.0810546875
1356.4733886719,1252.8851318359,11.642539978027
1355.6794433594,1254.8714599609,16.148595809937
1354.1315917969,1253.2738037109,20.946632385254
1350.5241699219,1257.2308349609,20.942611694336
1292.7607421875,1252.5751953125,11.112500190735
1287.1630859375,1260.1474609375,11.112500190735
1295.3515625,1269.1416015625,11.112500190735
1295.7734375,1270.4691162109,15.940625190735
1296.11328125,1271.2943115234,20.536752700806
1288.6123046875,1267.5941162109,20.184871673584
1296.3173828125,1271.6781005859,25.006593704224
1578.4541015625,1182.1572265625,11.173316001892
1576.6462402344,1155.2532958984,11.223520278931

1919.6916503906,-2513.9064941406,14.443111419678
1917.8322753906,-2515.1867675781,18.948799133301
1920.2629394531,-2516.7746582031,23.749189376831
1916.4523925781,-2520.8752441406,23.744539260864
1868.4459228516,-2516.1396484375,14.1796875
1869.1168212891,-2523.6689453125,14.1796875
1869.1685791016,-2531.353515625,14.1796875
1859.0250244141,-2515.8857421875,14.07968711853
1858.7183837891,-2523.7421875,14.07968711853
1859.1451416016,-2531.3388671875,14.07968711853
1848.8586425781,-2516.2724609375,14.07968711853
1848.6223144531,-2523.802734375,14.07968711853
1849.6564941406,-2531.4287109375,14.07968711853
1804.73046875,-2466.1103515625,13.8125
1817.134765625,-2472.7578125,13.8125
1822.0758056641,-2474.9262695313,18.634065628052
1822.3472900391,-2474.2514648438,23.236751556396
1822.4508056641,-2474.8198242188,27.706592559814
1835.7896728516,-2463.2016601563,22.877288818359
1912.8447265625,-2553.337890625,13.569496154785
1892.2978515625,-2559.814453125,13.590508460999
1862.044921875,-2553.1171875,13.569632530212
1843.7119140625,-2571.458984375,13.595358848572
1787.4801025391,-2472.4965820313,14.016834259033
1760.7164306641,-2473.2338867188,13.97270488739
1759.97265625,-2432.685546875,13.882315635681
1788.4873046875,-2431.4716796875,13.92839050293
1756.0595703125,-2472.7709960938,14.018255233765
1728.8447265625,-2473.5454101563,13.973435401917
1723.560546875,-2431.7080078125,13.927224159241
1695.2890625,-2432.20703125,13.879721641541
1710.6943359375,-2454.8955078125,13.955898284912
1692.0462646484,-2471.845703125,14.015805244446
1676.560546875,-2452.5341796875,13.946887969971
1633.3616943359,-2473.5651855469,13.973265647888
1645.4951171875,-2453.1640625,13.949436187744
1628.251953125,-2432.337890625,13.929401397705
1614.9267578125,-2449.6982421875,13.944525718689
1601.3212890625,-2432.912109375,13.884369850159
1592.3880615234,-2470.8940429688,14.007212638855
1573.6556396484,-2461.8403320313,13.955183029175
1564.1871337891,-2473.470703125,14.019950866699
1536.970703125,-2432.6728515625,13.88380241394
1529.3635253906,-2473.08203125,14.014417648315
1531.2189941406,-2444.8193359375,13.955701828003
1498.2379150391,-2472.7783203125,14.015083312988
1471.8834228516,-2474.0390625,13.9725522995
1466.3040771484,-2473.6572265625,14.016777992249
1454.5755615234,-2454.92578125,13.955589294434
1465.9423828125,-2432.8896484375,13.926853179932
1563.150390625,-2613.70703125,13.565523147583
1535.0751953125,-2633.60546875,13.596766471863
1596.6875,-2614.1025390625,13.565746307373
1568.0732421875,-2633.9775390625,13.597242355347
1608.7568359375,-2613.1787109375,13.575859069824
1615.431640625,-2633.37890625,13.590279579163
1664.4951171875,-2614.681640625,13.565829277039
1639.1220703125,-2628.4501953125,13.592761039734
1669.720703125,-2616.55859375,13.917809486389
1697.154296875,-2625.4931640625,13.851282119751
1704.1513671875,-2618.8115234375,13.908187866211
1727.1279296875,-2643.384765625,13.814907073975
1735.962890625,-2616.2099609375,13.91466999054
1741.697265625,-2631.3193359375,13.871658325195
1760.103515625,-2656.6953125,13.784423828125
1765.97265625,-2617.69140625,13.914692878723
1793.6318359375,-2636.234375,13.826663017273
1765.40234375,-2646.767578125,13.851759910583
1801.837890625,-2620.9306640625,13.900674819946
1811.5087890625,-2635.7568359375,13.851557731628
1854.279296875,-2615.9931640625,13.876417160034
1842.626953125,-2642.068359375,13.839021682739
1857.326171875,-2658.26953125,13.778286933899
1862.298828125,-2616.8388671875,13.915249824524
1888.7509765625,-2643.6376953125,13.811136245728
1862.3388671875,-2658.185546875,13.824304580688
1893.8134765625,-2617.8720703125,13.913238525391
1921.2353515625,-2637.673828125,13.822731971741
1893.236328125,-2658.4501953125,13.825340270996
2078.62109375,-2374.9423828125,13.546875
1959.490234375,-2361.544921875,14.458528518677
1945.9091796875,-2357.4482421875,13.546875
1924.1015625,-2232.349609375,13.546875
1953.609375,-2179.123046875,13.546875
-871.9462890625,2744.0930175781,46.415630340576
-879.455078125,2747.5588378906,46.415630340576
-866.98205566406,2763.1687011719,46.479686737061
-874.31311035156,2762.8073730469,46.479686737061
-882.13928222656,2762.7448730469,46.479686737061
-861.240234375,2766.759765625,46
-861.5361328125,2743.7734375,45.995498657227
-782.728515625,2734.6923828125,45.313625335693
-767.9736328125,2756.8447265625,45.766525268555
-737.443359375,2746.2041015625,47.2265625
-228.96661376953,2608.6120605469,63.419708251953
-241.61602783203,2593.7292480469,63.472583770752
-262.37481689453,2609.1726074219,63.635822296143
-278.62677001953,2599.3933105469,63.70796585083
-227.173828125,2685.7919921875,62.743099212646
-222.7177734375,2687.994140625,62.744373321533
-231.6943359375,2720.3759765625,62.708351135254
-202.9267578125,2713.08203125,62.698535919189
-251.796875,2720.1171875,62.6875
-261.69140625,2740.9013671875,62.5390625
-245.6728515625,2764.7099609375,62.758007049561
-240.3740234375,2765.6630859375,62.7109375
-239.22265625,2762.845703125,62.743209838867
-188.1240234375,2753.0078125,62.6875
-171.837890625,2649.4736328125,63.534858703613
-247.5146484375,2629.888671875,62.603500366211
-299.4140625,2686.748046875,62.662425994873
-320.263671875,2688.4208984375,62.679233551025

260.7060546875,1943.9501953125,17.973970413208
242.294921875,1954.5146484375,17.95156288147
221.0615234375,1945.3671875,17.889261245728
257.5576171875,1976.6669921875,17.968351364136
260.18359375,1999.1396484375,18.012537002563
242.8837890625,1990.91015625,17.960447311401
259.8974609375,2008.6025390625,17.973670959473
243.1982421875,2019.171875,17.955038070679
259.5263671875,2033.9423828125,18.016174316406
304.1201171875,2050.61328125,17.837018966675
359.14688110352,2033.2574462891,23.54363822937
357.78359985352,2032.1168212891,28.05012512207
361.12149047852,2030.5953369141,32.84676361084
361.91934204102,2026.7799072266,32.842300415039
357.67520141602,2027.5103759766,32.840305328369
325.2880859375,1982.7255859375,17.973068237305
342.46484375,1956.408203125,17.981065750122
359.8349609375,1984.0283203125,17.895408630371
327.880859375,1951.330078125,17.967323303223
349.0400390625,1937.6025390625,17.944862365723
364.806640625,1925.44140625,17.931468963623
303.94921875,1916.970703125,17.640625
313.8583984375,2053.5224609375,17.640625
279.869140625,1918.841796875,17.879688262939
286.04296875,1915.0068359375,17.879688262939
288.73828125,1912.3935546875,17.879688262939
292.1396484375,1910.4228515625,17.879688262939
323.267578125,1875.025390625,17.91250038147
331.2880859375,1867.0595703125,17.91250038147
323.869140625,1858.0029296875,17.91250038147
323.181640625,1856.44921875,22.74062538147
323.58203125,1854.7890625,27.336753845215
323.3017578125,1855.4755859375,31.806594848633
329.8662109375,1851.4140625,26.977291107178
318.5712890625,1812.1767578125,17.979686737061
318.9912109375,1803.9228515625,17.979686737061
318.9033203125,1796.5537109375,17.979686737061
305.53555297852,1804.0531005859,18.115629196167
301.02871704102,1804.3616943359,18.115629196167
290.15411376953,1814.8427734375,18.544086456299
288.74884033203,1812.7890625,23.049259185791
291.91778564453,1811.83203125,27.850551605225
292.34356689453,1807.748046875,27.847724914551
287.20782470703,1808.9296875,27.838558197021
256.8447265625,1819.43359375,17.640625
106.8955078125,1818.876953125,17.697727203369
95.208984375,1819.2265625,17.711614608765
77.853515625,1819.353515625,17.680881500244
87.4267578125,1846.2177734375,17.713829040527
78.6337890625,1834.7958984375,17.717779159546
73.1796875,2061.5068359375,17.695377349854
85.658203125,2042.55859375,17.813049316406
101.15625,2054.404296875,17.996271133423
72.091796875,2079.9423828125,17.747032165527
97.2939453125,2080.005859375,17.655651092529
87.54296875,2098.431640625,17.683921813965
61.3212890625,2059.7412109375,17.80220413208
43.76953125,2058.076171875,17.830987930298
40.4755859375,2079.8408203125,17.827369689941
61.0703125,2089.9794921875,17.746036529541
17.3447265625,2075.357421875,17.865465164185
-1.703125,2094.5673828125,17.891929626465
20.1259765625,2034.1982421875,17.666851043701
18.728515625,2061.07421875,17.687747955322
34.3115234375,2060.6337890625,17.626159667969
51.2119140625,2068.107421875,17.4453125