262.764832, 1807.691040, 25.498508
279.067566, 1835.445923, 17.648058
267.197845, 1895.246948, 25.498508
234.433823, 1934.568970, 33.898438
161.249344, 1932.880737, 33.898438
102.462929, 1934.418213, 34.475166
141.705780, 1875.541504, 17.843418
211.176819, 1811.296021, 22.032812
348.888184, 1922.095337, 20.482353
341.729370, 1934.816895, 17.668751
349.937256, 1960.871826, 17.668751
355.343628, 2029.339600, 30.278196
283.355896, 2033.920288, 17.640625
224.360199, 1858.838745, 13.146959
242.938187, 1859.435669, 14.084012
260.592987, 1859.700195, 8.757813
241.985641, 1846.193359, 8.757813
251.336868, 1802.106445, 7.414063
274.745911, 1816.088379, 1.007813
278.246613, 1839.778076, 7.828125
218.962845, 1931.690674, -2.303302
255.250351, 1933.160645, -2.303274
249.585159, 1957.246826, -2.509375
228.734589, 1962.066284, 2.816825
205.894791, 1971.417969, 2.600000
209.600555, 1955.511230, 2.506018
235.406754, 1939.771240, -14.293982
240.736771, 1937.884155, -14.293982
186.886337, 2082.601074, 30.278196
186.563538, 2082.343994, 38.678123
363.35025024414, 1915.6174316406, 16.668750762939
356.46200561523, 1934.7969970703, 16.668750762939
337.7746887207, 1937.4045410156, 16.668750762939
345.74270629883, 1947.5231933594, 16.668750762939
354.83782958984, 1952.3227539063, 16.668750762939
355.02487182617, 1967.3480224609, 16.668750762939
360.46411132813, 2016.8123779297, 21.640625
350.48541259766, 2036.0308837891, 21.640625
317.21884155273, 2028.9566650391, 16.640625
284.42614746094, 1972.48828125, 16.640625
270.13507080078, 1972.6302490234, 16.640625
207.69175720215, 1860.1372070313, 12.140625
239.24600219727, 1863.9569091797, 10.4609375
248.6808013916, 1854.3780517578, 7.7733745574951
264.80548095703, 1816.2935791016, 0.0078125
235.06922912598, 1801.5694580078, 6.4140625
236.60453796387, 1828.9046630859, 6.4140625
220.59596252441, 1819.5023193359, 5.4140625
-1543.619995, 472.973907, 23.278126
-1530.752563, 426.269165, 12.978414
-1423.180786, 491.596191, 18.382353
-1293.748901, 506.063660, 18.382353
-1328.443237, 496.661926, 21.250000
-1257.087402, 450.263855, 7.187500
-1218.733887, 454.715942, 5.800000
-1388.743896, 426.760986, 6.668750
-1451.986816, 424.252716, 1.095950
-1447.553223, 386.704529, 1.068750
-1380.417358, 392.467957, 14.701863
-1474.439331, 368.721893, 7.187500
-1457.839600, 341.600464, 7.187500
-1447.428711, 359.455933, 1.068750
-1344.747925, 341.819427, 7.187500
-1405.833618, 262.597076, 2.982353
-1431.869629, 263.403107, 2.868750
-1442.704834, 286.336304, 2.868750
-1552.028687, 270.777008, 7.187500
-1608.016968, 286.378601, 7.181819
-1578.411255, 308.419922, 12.842992
-1574.599243, 312.468750, 12.842992
-1563.863403, 315.020935, 7.187500
-1644.911987, 302.632507, 7.187500
-1542.545776, 371.933533, 7.187500
-1555.780762, 473.955872, 7.284131
-1389.463013, 496.112701, 3.039063
-1375.056396, 496.040222, 3.039063
-1372.289429, 499.893524, 11.195313
-1336.397827, 502.774658, 11.301562
-1322.581177, 489.429993, 11.195313
-1292.719727, 498.320709, 11.195313
-1484.2679443359, 458.83779907227, 7.1875
-1430.1405029297, 508.56558227539, 3.0390625
-1414.5623779297, 492.07843017578, 3.0390625
-1416.82421875, 511.05242919922, 3.0390625
-1394.2104492188, 509.02267456055, 3.0390625
-1378.7095947266, 506.8493347168, 3.0390625
-1363.4078369141, 496.11056518555, 11.202690124512
-1352.0531005859, 494.55813598633, 11.1953125
-1344.4984130859, 502.86428833008, 18.234375
-1303.6614990234, 507.11987304688, 18.234375
-1273.1971435547, 491.68487548828, 18.234375
-1256.1602783203, 499.25317382813, 18.234375
-1291.2559814453, 483.46142578125, 1.17742538452148
-1334.1781005859, 447.14544677734, 7.1875
-1334.5865478516, 412.56805419922, 7.1936259269714
-1331.7143554688, 377.02258300781, 7.1875
-1385.708984375, 373.48974609375, 8.0973472595215
-1462.0411376953, 378.43499755859, 7.1875
-1471.9073486328, 415.23596191406, 7.1875
1578.2116699219, -1634.7039794922, 13.562376022339
1610.332275, -1719.701660, 6.218750
1527.367310, -1659.232300, 6.218750
1554.133667, -1675.610107, 16.195313
1442.017944, -1584.249023, 13.546875
1549.476074, -1669.360352, 13.564316
1554.342407, -1675.903809, 16.195313
1508.861084, -1671.359863, 13.046875
1543.103271, -1615.367676, 13.382813
1605.102783, -1604.826538, 13.519038
1468.5911865234, -1612.3858642578, 14.039297103882
1456.1232910156, -1645.6225585938, 14.046875
1548.5710449219, -1697.6614990234, 13.547842979431
1551.6697998047, -1686.9211425781, 13.552215576172
1550.8128662109, -1662.1666259766, 13.561703681946
1546.095703125, -1607.2401123047, 13.3828125
1571.7905273438, -1605.0609130859, 13.3828125
1600.9566650391, -1628.4061279297, 13.475799560547
1607.8306884766, -1669.5408935547, 6.21875
1585.6990966797, -1688.1889648438, 6.21875
1577.8833007813, -1716.7260742188, 6.21875
1552.5808105469, -1711.4710693359, 6.21875
1528.5876464844, -1684.8115234375, 5.890625
1527.1652832031, -1666.0111083984, 6.21875
1531.4432373047, -1636.8948974609, 6.21875
1549.9959716797, -1640.7517089844, 6.21875
1532.7296142578, -1677.9815673828, 13.3828125
1541.4699707031, -1720.4930419922, 13.55456161499
1606.3570556641, -1705.9373779297, 13.546875
2544.9602050781, 2809.7568359375, 27.8203125
2574.5063476563, 2832.6328125, 19.9921875
2581.4489746094, 2830.1220703125, 14.233337402344
39.038540, 403.248901, 9.906250
70.235222, 424.595367, 9.906250
114.924500, 414.911774, 9.906250
126.676003, 406.924927, 10.001562
160.517761, 423.875488, 9.906250
176.509460, 409.564056, 9.906250
176.466141, 402.628326, 9.906250
32.508053, 402.935425, 16.082352
35.099525, 402.324493, 19.682352
209.991180, 407.034729, 16.989063
-2083.329834, -2872.933350, 16.481251
-2030.927490, -2851.422363, 1.298438
-2005.943237, -2866.955322, 1.298438
-2082.348145, -2845.826660, 16.481251
-2108.763428, -2852.471436, 32.249207
-2088.581543, -2844.524658, 16.582352
-2003.642090, -2859.030762, 24.372030
-2126.029053, -273.226563, 36.200001
-2192.104248, -273.307800, 36.200001
-2195.680664, -207.990265, 36.200001
-2129.744141, -217.022705, 36.290531
-2112.231689, -171.894653, 35.320313
-2139.134521, -155.163315, 35.320313
-2215.718262, -230.331360, 35.476151
616.078430, -610.456543, 17.226563
667.439941, -544.504272, 16.335938
680.270325, -606.052551, 16.184765
1022.427124, 1266.280029, 10.868750
1054.791992, 1250.284668, 10.868750
1084.736694, 1248.536011, 10.820313
1078.080444, 1312.534912, 10.820313
1042.675537, 1358.373047, 26.878124
1092.879517, 1358.405640, 18.478197
1069.008911, 1375.913696, 10.768787
-2554.7705078125,-13.7060546875,12.671875
-1716.439453125,-43.021484375,3.5546875
-1670.8447265625,705.4541015625,30.6015625
-2176.123046875,718.9609375,53.890956878662
-1389.716796875,2637.3203125,55.984375
-1380.51171875,2641.134765625,55.625045776367
-345.6181640625,1535.7685546875,75.5625
-346.1875,1547.19140625,75.5625
-340.5126953125,1543.2158203125,75.5625
-347.9462890625,1607.69140625,75.882217407227
-308.9384765625,1541.392578125,75.5625
404.9765625,2478.1826171875,16.484375
154.5009765625,2412.947265625,17.55677986145
197.982421875,2434.8388671875,16.986110687256
314.771484375,2411.30859375,17.745491027832
331.2509765625,2591.3115234375,17.471616744995
279.2216796875,2641.8974609375,16.936672210693
130.1083984375,2583.8837890625,17.186950683594
209.400390625,2609.2880859375,17.347387313843
141.1826171875,1875.015625,17.843418121338
155.865234375,1903.4921875,18.6650390625
215.8583984375,1819.9404296875,6.4140625
250.48046875,1797.2734375,7.4140625
244.7841796875,1825.1845703125,7.5546875
260.3115234375,1815.8583984375,1.0078125
287.1142578125,1816.2734375,1.0078125
280.2822265625,1820.791015625,4.7176899909973
329.984375,1839.3076171875,7.828125
296.86328125,1846.36328125,7.7265625
273.1826171875,1873.0068359375,8.7578125
274.6279296875,1855.9345703125,8.7648944854736
266.8427734375,1891.8330078125,8.4375
269.0341796875,1876.6123046875,-3.471396446228
268.5,1891.5048828125,-12.860445022583
268.6533203125,1876.896484375,-22.242134094238
268.9384765625,1883.416015625,-30.09375
265.0361328125,1881.3916015625,-30.390625
-217.2509765625,978.083984375,19.498880386353
-315.3505859375,830.384765625,14.2421875
795.162109375,1686.50390625,5.28125
813.080078125,1673.8876953125,5.28125
777.697265625,1871.5849609375,4.9077544212341
1054.2607421875,2269.8408203125,10.8203125
2595.4658203125,2790.1005859375,10.8203125
-1422.9892578125,512.4384765625,3.0390625
-1376.5263671875,511.8603515625,3.0390625
-1368.65234375,496.662109375,3.0444478988647
-1340.92578125,491.7978515625,11.1953125
-1288.083984375,490.724609375,11.1953125
-1291.515625,512.4990234375,11.1953125
616.7314453125,-611.7666015625,17.2265625
1524.501953125,-1677.99609375,6.21875
1368.712890625,-1280.0537109375,13.546875
1752.4580078125,2080.4111328125,10.8203125
1767.5576171875,2080.3896484375,10.8203125
2158.8330078125,942.259765625,10.8203125
2200.185546875,1393.439453125,10.8203125
2346.017578125,1518.05078125,42.81559753418
2458.677734375,1922.0908203125,10.86473274231
2477.2314453125,1956.134765625,10.546496391296
2576.9140625,2081.4833984375,10.812986373901
2538.52734375,2084.9775390625,10.8203125
2238.0517578125,2231.6865234375,10.809753417969
2238.900390625,2236.65625,10.803951263428
2301.5126953125,2454.03515625,10.8203125
2339.0712890625,2457.0361328125,14.96875
2388.7509765625,2469.291015625,10.8203125
2294.79296875,2486.5478515625,3.2734375
2233.494140625,2467.16796875,-7.4475412368774
2233.9970703125,2448.5634765625,-7.453125
-3320.568359375,493.62380981445,6
-3364.7783203125,504.92926025391,6
-3348.5622558594,454.64974975586,6
-3328.2924804688,421.42349243164,6.9375
-3328.2746582031,417.17300415039,11.447792053223
-3327.5229492188,418.82382202148,16.250337600708
-3323.08984375,418.90185546875,16.243091583252
-3323.1745605469,414.07760620117,16.243919372559
-3330.2514648438,411.81387329102,16.264060974121
-3328.1772460938,422.20220947266,16.266490936279
-3307.7419433594,373.31979370117,6
-3355.9284667969,393.15856933594,6.765784740448
-3388.4428710938,392.54064941406,6.7688608169556
-3387.744140625,416.79544067383,6.641706943512
-3355.1044921875,455.26715087891,6.4401807785034
-3372.7670898438,475.79641723633,6.3324656486511
-3432.7512207031,392.73587036133,6.7687563896179
-3398.3173828125,392.61972045898,6.768759727478
-3398.26171875,415.96301269531,6.6463809013367
-3398.9470214844,455.04553222656,6.4415011405945
-3431.5551757813,455.73770141602,6.4384460449219
-3416.7424316406,475.86825561523,6.3326506614685
-3443.1196289063,392.64715576172,6.7689895629883
-3476.0576171875,392.31918334961,6.7705435752869
-3475.9274902344,415.68606567383,6.6480417251587
-3442.6203613281,456.02627563477,6.4367232322693
-3458.6494140625,476.6826171875,6.3283505439758
-3470.1884765625,476.34503173828,6.3300623893738
-3536.2666015625,395.62127685547,6.2125000953674
-3538.9133300781,407.1891784668,6.2125000953674
-3532.4057617188,414.24682617188,6.2125000953674
-3520.5974121094,410.36685180664,6.2125000953674
-3521.9897460938,412.68698120117,11.04062461853
-3521.8410644531,408.99887084961,15.636753082275
-3522.0036621094,409.09329223633,20.106594085693
-3542.4658203125,367.06268310547,6
-3504.5095214844,298.44931030273,6
-3401.8293457031,321.26129150391,6.0823526382446
-3374.4680175781,203.99095153809,6
-3474.2744140625,169.77247619629,6
-3505.052734375,112.2982635498,13.578196525574
-3504.1218261719,111.28526306152,21.97812461853
-3514.8940429688,108.83130645752,6.0234375
-3523.5222167969,118.18746948242,6.0156288146973
-3535.5295410156,121.86199951172,6.0156288146973
-3543.4245605469,116.41049957275,6.0234375
-3540.3098144531,132.35903930664,6.0156288146973
-3549.1635742188,134.09794616699,6.0234375
-3539.9377441406,146.11520385742,6.0156288146973
-3548.39453125,143.43894958496,6.0156288146973
-3545.5581054688,157.60871887207,13.578196525574
-3522.4731445313,195.38069152832,6
-- 218.6396484375,2038.5849609375,17.925628662109
-- 261.0732421875,2010.9677734375,17.971683502197
-- 217.4599609375,2006.9130859375,17.926210403442
-- 261.0126953125,1980.0498046875,17.976011276245
-- 261.015625,1946.9462890625,17.974521636963
-- 220.3291015625,1974.74609375,17.932622909546
-- 326.2978515625,1980.7181396484,18.477025985718
-- 366.767578125,1982.0736083984,18.386051177979
-- 368.484375,1957.9144287109,18.423816680908
-- 358.3359375,2029.2431640625,22.699867248535
-- 355.2607421875,2029.4677734375,42.079853057861
-- 327.19491577148,1948.4244384766,18.575008392334
-- 366.57968139648,1924.0025634766,18.53070640564
-- 326.3310546875,1916.9046630859,18.575777053833
-- 368.00390625,1891.3363037109,18.528432846069
-- 324.0234375,1878.228515625,17.91250038147
-- 332.853515625,1863.7421875,17.91250038147
-- 322.7890625,1857.8935546875,27.336753845215
-- 293.11465454102,1896.6750488281,18.27968788147
-- 291.96133422852,1889.0490722656,18.27968788147
-- 291.96719360352,1881.6086425781,18.27968788147
-- 292.19570922852,1865.4880371094,18.07968711853
-- 293.20449829102,1858.2126464844,18.07968711853
-- 286.24725341797,1813.9124755859,22.951341629028
-- 271.732421875,1868,17.758104324341
-- 244.498046875,1859.4541015625,14.084012985229
-- 247.0029296875,1830.6904296875,7.5546875
-- 224.552734375,1931.4638671875,17.640625
-- 446.57012939453,2044.4058837891,39.868198394775
-- 458.38165283203,2024.6677246094,40.015628814697
-- 451.17169189453,2021.4880371094,40.015628814697
-- 450.44979858398,2032.1823730469,40.015628814697
-- 458.93612670898,2028.6784667969,40.015628814697
-- 435.80194091797,2018.2111816406,39.756248474121
-- 436.75213623047,1999.5251464844,40.015628814697
-- 433.60369873047,1991.6745605469,40.015628814697
-- 446.41094970703,2036.9146728516,39.946605682373
85.24609375,2099.666015625,17.671726226807
56.2841796875,2088.0302734375,17.762222290039
71.345703125,2078.1044921875,17.599044799805
63.2080078125,2060.953125,18.2421875
55.4951171875,2051.7978515625,22.46875
67.6240234375,2056.9365234375,22.46875
143.6142578125,2040.62890625,17.676160812378
163.8212890625,2014.46484375,18.781320571899
148.12109375,1980.9560546875,19.588163375854
163.5078125,2005.470703125,19.583875656128
145.3095703125,1998.5380859375,19.570453643799
155.41015625,1935.51171875,19.2421875
149.103515625,1930.8271484375,19.2421875
147.9091796875,1926.849609375,23.46875
296.30841064453,2049.8864746094,18.53750038147
297.20880126953,2043.2341308594,23.050271987915
303.67559814453,2042.9665527344,27.846965789795
355.400390625,2026.708984375,22.640625
326.16015625,1974.15234375,18.010841369629
364.4697265625,1993.87109375,17.892936706543
331.7431640625,1955.4287109375,18.442188262939
323.369140625,1950.7236328125,22.668750762939
323.81640625,1945.826171875,22.668750762939
343.53964233398,1893.1702880859,18.4375
337.10897827148,1892.2669677734,22.949604034424
340.46347045898,1890.0238037109,27.749244689941
335.63827514648,1886.5521240234,27.74485206604
293.1416015625,1907.021484375,18.0234375
290.3291015625,1902.55078125,18.0234375
286.4560546875,1907.037109375,18.0234375
282.8271484375,1901.5615234375,18.0234375
279.337890625,1908.0458984375,18.0234375
274.822265625,1901.6865234375,18.0234375
279.3359375,1863.06640625,17.91250038147
287.8134765625,1853.4609375,17.91250038147
279.2216796875,1843.80859375,17.91250038147
278.73770141602,1843.1988525391,22.74062538147
278.69668579102,1842.0718994141,27.34218788147
278.51406860352,1842.4029541016,31.81093788147
450.18319702148,2032.7995605469,40.0234375
458.73983764648,2029.0856933594,40.0234375
450.07501220703,2024.6208496094,40.0234375
458.32305908203,2020.4509277344,40.0234375
436.00897216797,1998.0173339844,40.0234375
433.22283935547,1992.0368652344,40.0234375
456.00701904297,2002.1203613281,39.891532897949
--
--Заброха
423.6923828125,2474.390625,16.5
386.5224609375,2435.953125,16.5
370.30215454102,2599.4780273438,19.546875
391.45645141602,2586.9438476563,19.552379608154
326.8369140625,2585.8232421875,16.814212799072
299.8125,2614.814453125,16.981399536133
236.1982421875,2646.197265625,16.604724884033
204.779296875,2618.86328125,16.722003936768
286.7744140625,2434.958984375,16.4765625
236.1552734375,2428.98046875,16.749286651611
149.30078125,2383.4326171875,16.484375
369.51641845703,2488.1264648438,18.892913818359
--
--Аэро лс
1828.9709472656,-2476.0451660156,27.706592559814
1828.3400878906,-2475.7824707031,23.236751556396
1828.4416503906,-2476.2570800781,18.640625
1828.9111328125,-2475.0263671875,13.8125
1822.9453125,-2466.119140625,13.8125
1807.5126953125,-2475.6630859375,13.8125
1791.8095703125,-2524.197265625,13.546875
1795.9599609375,-2515.0263671875,13.546875
1795.5224609375,-2536.2958984375,13.546875
1792.259765625,-2543.5166015625,13.546875
1780.19140625,-2545.380859375,13.546875
1783.580078125,-2537.5673828125,13.546875
1780.26953125,-2522.02734375,13.546875
1783.6953125,-2514.6337890625,13.546875
1772.595703125,-2515.6650390625,13.546875
1768.9423828125,-2523.1806640625,13.546875
1771.69921875,-2535.4970703125,13.546875
1770.1376953125,-2542.9765625,13.546875
1776.7451171875,-2562.2880859375,13.664231300354
1684.5703125,-2562.4921875,14.042186737061
1685.27734375,-2568.08203125,14.042186737061
1677.5146484375,-2567.3955078125,14.042186737061
1677.962890625,-2571.564453125,14.042186737061
1687.0341796875,-2567.0107421875,18.268749237061
1675.4609375,-2573.29296875,18.268749237061
1678.3583984375,-2495.724609375,13.5546875
1576.5660400391,-2474.4965820313,14.073512077332
1580.5093994141,-2433.5532226563,13.990267753601
1605.5172119141,-2434.7573242188,14.035661697388
1611.0728759766,-2470.7514648438,14.068468093872
1610.5523681641,-2442.4829101563,14.005653381348
1637.6353759766,-2434.8833007813,14.035556793213
1642.3447265625,-2471.1455078125,14.06795501709
1667.7314453125,-2470.5732421875,14.110336303711
1675.23828125,-2469.8671875,14.066516876221
1700.6748046875,-2454.1845703125,14.075887680054
1709.5670166016,-2472.2426757813,14.074299812317
1734.5748291016,-2447.6538085938,14.063426017761
1740.7917480469,-2468.9697265625,14.064205169678
1765.4450683594,-2444.3818359375,14.052723884583
1773.5950927734,-2465.3408203125,14.056295394897
1797.4515380859,-2457.4111328125,14.079648971558
2021.630859375,-2628.0939941406,19.051971435547
2017.6396484375,-2631.6867675781,23.835590362549
1971.87109375,-2532.4072265625,13.767240524292
1933.7490234375,-2518.505859375,13.7857837677
1737.98828125,-2557.65234375,13.546875
1734.3466796875,-2563.37890625,13.546875
1722.80078125,-2556.46875,13.546875
1720.71484375,-2563.423828125,13.546875
1531.83203125,-2529.869140625,13.748746871948
1402.1751708984,-2569.8156738281,17.352529525757
1401.4749755859,-2570.2111816406,20.9765625
1401.3890380859,-2569.6838378906,24.484375
--
--стройка
1710.517578125,742.9384765625,34.163494110107
1699.3974609375,741.0625,29.246875762939
1699.16796875,753.2626953125,10.8203125
1704.4208984375,753.830078125,10.8203125
1744.095703125,679.580078125,10.866962432861
1730.126953125,677.78125,10.866962432861
1617.50390625,772.626953125,10.8203125
1611.4326171875,669.07421875,10.866962432861
--
--Аэро лв
1366.0927734375,1816.791015625,11.1796875
1358.2255859375,1816.3291015625,11.1796875
1350.5712890625,1815.990234375,11.1796875
1366.18359375,1838.798828125,11.1796875
1358.48828125,1838.3935546875,11.1796875
1350.828125,1838.5712890625,11.1796875
1366.041015625,1849.4794921875,11.1796875
1405.2880859375,1841.892578125,11.049324035645
1462.8994140625,1756.2041015625,11.262250900269
1474.4150390625,1780.7724609375,11.430242538452
1493.564453125,1836.802734375,11.813351631165
1512.2705078125,1761.6708984375,11.168926239014
1538.9013671875,1782.83984375,11.167924880981
1512.9365234375,1799.6357421875,11.086625099182
1614.755859375,1575.0126953125,10.8203125
1659.4853515625,1649.9228515625,11.173455238342
1681.4970703125,1687.41015625,11.128691673279
1669.00390625,1686.3369140625,11.10969543457
1363.1875,1603.568359375,11.166794776917
1343.1767578125,1606.0498046875,11.127047538757
1325.7685546875,1629.8994140625,11.129541397095
1363.9697265625,1561.513671875,11.176284790039
1364.37890625,1517.44140625,11.176377296448
1347.3828125,1539.154296875,11.176116943359
1327.9599609375,1517.4296875,11.096297264099
1360.3486328125,1492.734375,11.209885597229
1332.7255859375,1467.4140625,11.105890274048
1369.3291015625,1325.19140625,10.8203125
1337.3544921875,1323.140625,10.8203125
1295.6826171875,1306.888671875,11.07968711853
1288.10546875,1307.2587890625,11.07968711853
1280.9541015625,1307.064453125,11.07968711853
1296.2119140625,1293.21875,11.07968711853
1288.1259765625,1293.6337890625,11.07968711853
1280.6435546875,1293.341796875,11.07968711853
1354.9046630859,1252.5322265625,14.651593208313
1354.6556396484,1251.7158203125,21.779243469238
1293.146484375,1275.82421875,10.8203125
1281.013671875,1358.8740234375,10.888038635254
1261.876953125,1329.8173828125,10.875379562378
1299.921875,1374.494140625,10.876881599426
1335.603515625,1384.3603515625,10.888333320618
1352.1396484375,1367.2021484375,10.888031005859
1451.892578125,1213.5634765625,11.743098258972
1452.3095703125,1214.0732421875,16.24910736084
1592.0078125,1272.12890625,11.171537399292
1605.5205078125,1250.6943359375,11.178473472595
1627.2109375,1268.9697265625,11.09956073761
1591.7587890625,1308.8046875,11.172690391541
1610.91015625,1283.4658203125,11.173904418945
1590.748046875,1346.998046875,11.173090934753
-1294.1298828125,20.92578125,14.1484375
-1297.9443359375,24.8564453125,14.1484375
-1282.1298828125,-1.4794921875,14.1484375
-1329.8212890625,50.7607421875,14.1484375
-1217.8759765625,35.525390625,14.141033172607
-1241.462890625,37.8837890625,14.139406204224
-1255.6706542969,41.070701599121,14.257255554199
-1239.2255859375,12.59375,14.1484375
-1202.3994140625,16.837890625,14.1484375
-1235.625,166.876953125,14.485939025879
-1244.2572021484,210.65644836426,14.464029312134
-1546.2587890625,498.4599609375,7.1796875
-1533.0205078125,483.009765625,7.1796875
-1543.72265625,466.1513671875,7.274941444397
-1543.0065917969,443.93243408203,8.0186500549316
-1577.6374511719,416.29864501953,7.8953003883362
-1575.2864990234,410.44393920898,8.020544052124
-1597.0892333984,408.86581420898,7.9699287414551
-1270.5732421875,444.53106689453,8.0077791213989
-1255.3564453125,472.25567626953,7.9275689125061
-1235.0966796875,458.34454345703,7.9056797027588
-1566.5537109375,484.2373046875,7.03125
389.0166015625,2492.6845703125,-13.492918014526
403.4248046875,2483.146484375,-13.492918014526
396.447265625,2503.212890625,-13.5
417.44317626953,2504.6665039063,-11.298415184021
396.44570922852,2503.8698730469,-7.3976354598999
418.37188720703,2504.1459960938,-3.4034028053284
397.15176391602,2504.6540527344,0.45140492916107
418.15020751953,2504.2836914063,4.6084594726563
422.49960327148,2497.1784667969,10.572340011597
412.41854858398,2531.6374511719,10.618659973145
-2337.4780273438,-1610.5426025391,493.65921020508
-2336.8803710938,-1603.3199462891,493.64541625977
-2336.9965820313,-1610.7467041016,488.85205078125
-2344.0356445313,-1609.4527587891,484.34219360352
-2312.490234375,-1616.7724609375,483.80288696289
-2335.1328125,-1624.7272949219,484.11563110352
-2342.6787109375,-1621.2292480469,484.11563110352
-2334.9833984375,-1633.375,483.703125
-2300.6533203125,-1637.2720947266,484.34219360352
-2304.6396484375,-1636.9976806641,484.34219360352
-2297.9296875,-1637.8209228516,484.34219360352
-2293.150390625,-1642.1988525391,484.34219360352
-2288.73828125,-1639.6334228516,484.34219360352
-2301.25,-1631.1910400391,488.56875610352
-2339.2060546875,-1651.3525390625,483.703125
-2344.8408203125,-1654.564453125,483.703125
--ваенка лв крыша 
970.16387939453,1723.515625,9.0796880722046
977.80157470703,1723.859375,9.0796871185303
985.41778564453,1724.2578125,9.0796871185303
978.15234375,1745.810546875,8.6484375
928.5263671875,1676.8330078125,15.794095039368
932.86328125,1686.9755859375,15.794095039368
945.5703125,1682.248046875,16.479686737061
953.015625,1682.4501953125,16.479686737061
960.73828125,1682.931640625,16.479686737061
960.0546875,1694.697265625,15.794095039368
937.162109375,1731.7412109375,15.794094085693
954.97888183594,1797.578125,30.768749237061
955.12341308594,1797.3525390625,25.840414047241
955.40856933594,1797.3603515625,20.839193344116
960.46875,1794.5625,15.794094085693
--Райский
-2550.34765625,2342.47265625,5.3125
-2530.4111328125,2342.8544921875,5.3125
-2530.4096679688,2342.1694335938,10.140625
-2528.3256835938,2343.0405273438,14.736752510071
-2528.2583007813,2343.0434570313,19.206592559814
-2559.43359375,2333.3544921875,4.8665990829468
-2439.8764648438,2359.0805664063,5.7421875
-2449.7084960938,2358.2465820313,9.96875
-2449.6977539063,2352.5805664063,9.96875
-2443.1020507813,2364.4868164063,5.7421875
-2307.1376953125,2355.177734375,5.073399066925
-2336.35546875,2348.845703125,5.0112385749817
-2343.2607421875,2432.22265625,7.5727763175964
-2422.9887695313,2411.0153808594,14.03750038147
-2427.5014648438,2411.1765136719,18.549436569214
-2424.1694335938,2404.8513183594,23.345525741577
-2431.1176757813,2401.1823730469,23.358055114746
-2454.5771484375,2287.8916015625,5.3125
-2454.4501953125,2269.16796875,5.3125
-2454.9284667969,2268.0427246094,10.134065628052
-2455.9089355469,2267.2116699219,14.736752510071
-2455.9313964844,2267.4265136719,19.206592559814
-2509.3618164063,2226.9572753906,7.8507924079895
-2509.5395507813,2226.5871582031,11.471355438232
-2510.0864257813,2226.7287597656,14.984375
-2520.158203125,2241.5788574219,6.3306727409363
-2529.9013671875,2260.6140136719,6.1827492713928
-2546.939453125,2256.1989746094,6.132707118988
-2557.1123046875,2272.2204589844,6.0186376571655
-2670.55078125,2312.6318359375,23.743709564209
-2666.2790527344,2343.8747558594,23.557775497437
-254.96426391602,2356.2905273438,109.8671875
-250.76504516602,2341.1694335938,109.8671875
-261.08926391602,2325.9184570312,109.8671875
-263.5478515625,2337.8793945312,109.89455413818
-274.1513671875,2348.572265625,109.75536346436
-245.78750610352,2374.0749511719,110.09230804443
-286.34921264648,2355.3447265625,110.96268463135
-229.78495788574,2670.5654296875,63.442184448242
-236.74394226074,2666.611328125,63.442184448242
-236.50566101074,2660.7919921875,63.442184448242
-234.63066101074,2662.677734375,63.442184448242
-238.12773132324,2666.9267578125,67.668746948242
-238.17558288574,2662.103515625,67.668746948242
-235.36601257324,2660.9755859375,67.668746948242
-227.16679382324,2665.9287109375,67.668746948242
-336.4931640625,-2521.759765625,131.28047180176
-341.353515625,-2523.3486328125,131.28047180176
-342.85430908203,-2537.4509277344,131.61563110352
-344.08477783203,-2545.8395996094,131.61563110352
-349.92538452148,-2539.197265625,131.61563110352
-351.27401733398,-2548.283203125,131.61563110352
-356.89141845703,-2540.6467285156,131.61563110352
-359.09161376953,-2550.5070800781,131.61563110352
-405.314453125,-2555.66796875,131.28437805176
-415.8466796875,-2553.5458984375,131.28047180176
-408.2470703125,-2543.22265625,131.28437805176
-418.232421875,-2542.0927734375,131.28047180176
-410.45391845703,-2531.556640625,131.36491394043
-433.62286376953,-2524.6806640625,131.38876342773
-417.19805908203,-2502.91015625,131.38734436035
-418.1123046875,-2497.0380859375,131.36575317383
-440.853515625,-2485.7685546875,131.39099121094
-425.220703125,-2471.28125,131.38731384277
-354.67596435547,-2490.8630371094,132.04219055176
-360.54315185547,-2497.1354980469,132.04219055176
-349.72576904297,-2494.7937011719,136.26875305176
-2568.8129882813,509.44158935547,48.542186737061
-2567.8413085938,502.79705810547,48.542186737061
-2559.0424804688,509.82244873047,48.542186737061
-2553.8291015625,531.2978515625,47.805267333984
-2578.48046875,546.89453125,47.777381896973
-2584.060546875,546.9775390625,47.78125
-2581.61328125,506.822265625,47.78125
-2561.20703125,491.3486328125,47.815628051758
-2564.599609375,482.234375,47.815628051758
-2621.4025878906,510.77734375,51.151561737061
-2628.7365722656,509.78125,53.250259399414
-2628.2707519531,502.8603515625,58.046539306641
-2660.59765625,488.3408203125,47.9765625
-2667.107421875,490.6279296875,47.9765625
-2681.5422363281,505.52069091797,48.7421875
-2682.5070800781,514.26678466797,48.7421875
-2681.5900878906,516.98260498047,52.96875
-2668.66015625,532.419921875,47.9765625
-2673.845703125,530.37109375,47.9765625
-2675.6171875,544.6279296875,47.9765625
-2669.1123046875,543.2138671875,47.9765625
-2629.1142578125,553.41015625,48.315628051758
-2633.013671875,546.283203125,48.315628051758
-2640.609375,544.939453125,48.315628051758
-2638.537109375,550.7998046875,48.315628051758
-2648.1049804688,544.66345214844,48.315628051758
-2645.2729492188,551.51208496094,48.323436737061
-3812.3142089844,-706.53381347656,13.7421875
-3803.9157714844,-697.46350097656,13.7421875
-3808.9577636719,-698.68518066406,13.7421875
-3809.2478027344,-702.45959472656,13.7421875
-3808.5964355469,-698.82482910156,17.96875
-3804.1921386719,-697.22619628906,17.96875
-3807.8640136719,-712.1669921875,12.820905685425
-3838.6970214844,-727.95703125,13.09645652771
-3876.302734375,-724.21466064453,14.48281288147
-3865.2614746094,-670.6279296875,13.71249961853
-3855.5168457031,-678.68005371094,13.71249961853
-3865.8913574219,-690.4609375,13.71249961853
-3866.0148925781,-689.96423339844,18.54062461853
-3865.6252441406,-691.15368652344,23.136753082275
-3865.7561035156,-691.08435058594,27.606594085693
-3864.8327636719,-664.9794921875,13.488080978394
-3851.4597167969,-654.583984375,13.489128112793
-3862.6472167969,-635.177734375,13.466241836548
-3932.6166992188,-519.85626220703,14.31960105896
-3950.8627929688,-545.02813720703,14.237134933472
-3972.3764648438,-525.42657470703,14.221265792847
-3937.4750976563,-553.44006347656,14.207392692566
-3954.3334960938,-560.62365722656,14.157737731934
-3957.7241210938,-575.25744628906,14.125974655151
-3944.4462890625,-584.05236816406,14.196522712708
-3959.345703125,-608.48889160156,14.122772216797
-3975.43359375,-593.14025878906,14.112045288086
-3938.7583007813,-622.01641845703,14.20156288147
-3948.8999023438,-634.82012939453,14.157684326172
-3973.0942382813,-621.37091064453,14.125649452209
-3937.1513671875,-652.9736328125,14.209023475647
-3973.22265625,-656.8388671875,14.121771812439
-3954.04296875,-672.9521484375,14.138167381287
-3943.9318847656,-681.06463623047,14.202411651611
-3977.8176269531,-688.34393310547,14.114423751831
-3958.9904785156,-706.43084716797,14.126769065857
--Ваенка касс
2505.95703125,2715.9677734375,11.215628623962
2502.3720703125,2709.330078125,11.215628623962
2514.5791015625,2715.25,11.215628623962
2510.416015625,2709.4853515625,11.215628623962
2521.12890625,2714.0146484375,11.215628623962
2519.9423828125,2708.025390625,11.215628623962
2540.357421875,2730.7470703125,10.858355522156
2506.3044433594,2762.9370117188,11.542187690735
2502.5827636719,2758.6606445313,11.542187690735
2499.2331542969,2752.0893554688,11.542187690735
2499.2341308594,2757.4516601563,15.768750190735
2505.1188964844,2753.1723632813,15.768750190735
2500.1081542969,2753.8803710938,15.768750190735
2570.001953125,2742.6064453125,11.112500190735
2581.4560546875,2732.970703125,11.112500190735
2588.638671875,2739.9208984375,11.112500190735
2569.5539550781,2741.9692382813,15.940625190735
2568.6779785156,2742.2700195313,20.536752700806
2568.5471191406,2741.8510742188,25.006593704224
2574.4462890625,2781.5361328125,10.8203125
--Ваенка рядом с кассом 
2259.1225585938,2758.4462890625,11.742249488831
2253.6450195313,2756.791015625,16.250038146973
2257.9282226563,2751.5244140625,21.047496795654
2251.6997070313,2750.8544921875,21.047515869141
2264.9709472656,2776.9829101563,11.712881088257
2265.9338378906,2753.6860351563,11.660034179688
2287.6936035156,2761.3979492188,11.639785766602
2285.0615234375,2801.09765625,10.89999961853
2296.7587890625,2787.671875,10.89999961853
2339.4975585938,2808.7749023438,11.174640655518
2317.8950195313,2771.7136230469,11.700527191162
2340.9965820313,2756.1589355469,11.626852035522
2328.6401367188,2748.2741699219,11.630643844604
2359.7175292969,2777.8295898438,11.542187690735
2353.4079589844,2774.8139648438,11.542187690735
2354.9587402344,2770.1440429688,15.768750190735
2395.6215820313,2800.0993652344,11.523077964783
2409.21484375,2771.86328125,10.904945373535
2390.2109375,2756.287109375,10.8203125
2389.4755859375,2749.2900390625,10.8203125
2377.5048828125,2751.5048828125,10.8203125
2365.8505859375,2752.1025390625,10.8203125
2353.9541015625,2751.197265625,10.8203125
-286.92636108398,2354.4326171875,130.94844055176
-2414.0515136719,2356.3884277344,25.448436737061
-2651.6938476563,2328.5122070313,24.378086090088
-2340.486328125,-1608.4501953125,488.84829711914
1829.2453613281,-2470.0158691406,22.8828125
-1255.9802246094,40.351951599121,34.248435974121
-2533.3552246094,560.77502441406,40.111484527588
601.04455566406,875.08282470703,9.8515625
593.31799316406,885.42657470703,15
1369.8603515625,683.4296875,10.914130210876
1703.419921875,754.734375,29.246875762939
2059.6430664063,1211.6486816406,24.714485168457
1878.822265625,1305.9443359375,16.922344207764
53.8955078125,-42.026561737061,18.10000038147

-1450.9267578125,-551.0439453125,14.472577095032
-1449.3095703125,-530.77734375,14.452227592468
-1436.091796875,-516.1376953125,14.467776298523
-1413.7158203125,-531.5478515625,14.475408554077
-1415.361328125,-505.888671875,14.451160430908
-1396.3447265625,-513.2998046875,14.507756233215
-1381.91796875,-505.462890625,14.472045898438
-1395.23046875,-493.1162109375,14.431522369385
-1377.6865234375,-473.05859375,14.474133491516
-1323.7177734375,-44.2451171875,14.164378166199
-1304.2529296875,-21.0869140625,14.188070297241
-1304.4951171875,-49.560546875,14.198530197144
-1311.2958984375,-56.859375,14.202187538147
-1295.626953125,7.8335938453674,15.042895317078
-1293.5595703125,6.5181641578674,19.549945831299
-1293.978515625,9.5689449310303,24.343912124634
-1288.984375,10.68515586853,24.345178604126
-1262.4443359375,456.900390625,7.2654671669006
-1292.265625,436.955078125,7.2975873947144
-1229.5482177734,449.1953125,7.9427042007446
-1232.9534912109,448.0888671875,12.450651168823
-1228.7064208984,446.8740234375,17.248620986938
-1228.0755615234,441.9150390625,17.246257781982
-1235.8470458984,444.1083984375,17.253734588623
-1541.79296875,476.45742797852,16.073436737061
-1531.3505859375,373.5693359375,7.5124998092651
-1547.9072265625,364.53515625,7.5124998092651
-1551.974609375,373.2880859375,7.5124998092651
-1551.1217041016,374.29550170898,12.340624809265
-1551.9556884766,374.30819702148,16.936752319336
-1562.9752197266,369.15390014648,16.577289581299
-1551.5240478516,374.29647827148,21.406593322754
-1470.869140625,312.986328125,7.2634677886963
-1468.4921875,319.1376953125,7.2395310401917
-1452.939453125,312.2734375,7.2644929885864
-1449.3388671875,319.7861328125,7.2360606193542

1717.95703125,1622.2109375,10.114353179932
1687.6767578125,1602.3310546875,10.901684761047
1677.17578125,1604.373046875,10.896184921265
1695.2109375,1657.1787109375,11.215123176575
1681.2138671875,1675.7646484375,11.150359153748
1667.451171875,1696.64453125,11.080993652344
1661.7958984375,1658.22265625,11.209833145142
1652.8544921875,1676.4462890625,11.154596328735
1636.59375,1662.904296875,11.156060218811
1629.244140625,1658.4501953125,11.207427024841
1607.8642578125,1654.4501953125,11.17921257019
1622.064453125,1683.2412109375,11.140899658203
1534.486328125,1732.458984375,10.866240501404
1554.4384765625,1733.26171875,10.875593185425
1543.431640625,1705.798828125,10.891444206238
1534.740234375,1766.82421875,10.866087913513
1551.8115234375,1739.5390625,10.895566940308
1540.2626953125,1741.974609375,10.888736724854
1533.8037109375,1799.3212890625,10.866315841675
1534.7021484375,1775.224609375,10.878523826599
1533.5341796875,1834.2783203125,10.865668296814
1533.388671875,1817.943359375,10.873575210571
1389.84375,1844.755859375,11.215628623962
1393.615234375,1844.962890625,11.215628623962
1375.7373046875,1844.8544921875,11.215628623962
1378.3896484375,1844.4248046875,11.215628623962
1362.25390625,1845.2646484375,11.215628623962
1365.1298828125,1845.1826171875,11.215628623962
1349.087890625,1845.095703125,11.315629005432
1353.408203125,1844.966796875,11.315629005432
1382.4873046875,1773.3681640625,10.90941619873
1404.9716796875,1774.5830078125,10.882811546326
1382.1162109375,1774.2646484375,10.8996925354
1344.8603515625,1770.0849609375,11.07968711853
1344.9462890625,1778.087890625,11.07968711853
1344.1064453125,1785.7451171875,11.07968711853
1322.49609375,1770.0712890625,11.07968711853
1321.66796875,1777.5595703125,11.07968711853
1321.6923828125,1784.98828125,11.07968711853
1363.6435546875,1681.7646484375,11.212685585022
1342.173828125,1667.20703125,11.140613555908
1366.3876953125,1626.4287109375,11.178314208984
1353.9921875,1649.8974609375,11.191188812256
1365.76953125,1596.2255859375,11.180125236511
1353.3359375,1605.0048828125,11.167804718018
1365.5966796875,1555.21484375,11.2185754776
1364.2060546875,1530.6103515625,11.173461914063
1364.212890625,1521.2841796875,11.211795806885
1366.0341796875,1497.3046875,11.174806594849
1365.8314208984,1492.7600097656,11.22082901001
1366.31640625,1464.9169921875,11.17430305481
1365.7431640625,1433.7470703125,11.174998283386
1326.626953125,1448.15625,11.113659858704
1365.6611328125,1372.9833984375,11.179545402527
1325.576171875,1369.359375,11.085252761841
1366.2431640625,1336.58203125,11.173177719116
1323.484375,1365.896484375,11.129314422607
1365.9951171875,1306.2470703125,11.175355911255
1323.23046875,1306.064453125,11.0810546875
1356.4733886719,1252.8851318359,11.642539978027
1355.6794433594,1254.8714599609,16.148595809937
1354.1315917969,1253.2738037109,20.946632385254
1350.5241699219,1257.2308349609,20.942611694336
1292.7607421875,1252.5751953125,11.112500190735
1287.1630859375,1260.1474609375,11.112500190735
1295.3515625,1269.1416015625,11.112500190735
1295.7734375,1270.4691162109,15.940625190735
1296.11328125,1271.2943115234,20.536752700806
1288.6123046875,1267.5941162109,20.184871673584
1296.3173828125,1271.6781005859,25.006593704224
1578.4541015625,1182.1572265625,11.173316001892
1576.6462402344,1155.2532958984,11.223520278931

1919.6916503906,-2513.9064941406,14.443111419678
1917.8322753906,-2515.1867675781,18.948799133301
1920.2629394531,-2516.7746582031,23.749189376831
1916.4523925781,-2520.8752441406,23.744539260864
1868.4459228516,-2516.1396484375,14.1796875
1869.1168212891,-2523.6689453125,14.1796875
1869.1685791016,-2531.353515625,14.1796875
1859.0250244141,-2515.8857421875,14.07968711853
1858.7183837891,-2523.7421875,14.07968711853
1859.1451416016,-2531.3388671875,14.07968711853
1848.8586425781,-2516.2724609375,14.07968711853
1848.6223144531,-2523.802734375,14.07968711853
1849.6564941406,-2531.4287109375,14.07968711853
1804.73046875,-2466.1103515625,13.8125
1817.134765625,-2472.7578125,13.8125
1822.0758056641,-2474.9262695313,18.634065628052
1822.3472900391,-2474.2514648438,23.236751556396
1822.4508056641,-2474.8198242188,27.706592559814
1835.7896728516,-2463.2016601563,22.877288818359
1912.8447265625,-2553.337890625,13.569496154785
1892.2978515625,-2559.814453125,13.590508460999
1862.044921875,-2553.1171875,13.569632530212
1843.7119140625,-2571.458984375,13.595358848572
1787.4801025391,-2472.4965820313,14.016834259033
1760.7164306641,-2473.2338867188,13.97270488739
1759.97265625,-2432.685546875,13.882315635681
1788.4873046875,-2431.4716796875,13.92839050293
1756.0595703125,-2472.7709960938,14.018255233765
1728.8447265625,-2473.5454101563,13.973435401917
1723.560546875,-2431.7080078125,13.927224159241
1695.2890625,-2432.20703125,13.879721641541
1710.6943359375,-2454.8955078125,13.955898284912
1692.0462646484,-2471.845703125,14.015805244446
1676.560546875,-2452.5341796875,13.946887969971
1633.3616943359,-2473.5651855469,13.973265647888
1645.4951171875,-2453.1640625,13.949436187744
1628.251953125,-2432.337890625,13.929401397705
1614.9267578125,-2449.6982421875,13.944525718689
1601.3212890625,-2432.912109375,13.884369850159
1592.3880615234,-2470.8940429688,14.007212638855
1573.6556396484,-2461.8403320313,13.955183029175
1564.1871337891,-2473.470703125,14.019950866699
1536.970703125,-2432.6728515625,13.88380241394
1529.3635253906,-2473.08203125,14.014417648315
1531.2189941406,-2444.8193359375,13.955701828003
1498.2379150391,-2472.7783203125,14.015083312988
1471.8834228516,-2474.0390625,13.9725522995
1466.3040771484,-2473.6572265625,14.016777992249
1454.5755615234,-2454.92578125,13.955589294434
1465.9423828125,-2432.8896484375,13.926853179932
1563.150390625,-2613.70703125,13.565523147583
1535.0751953125,-2633.60546875,13.596766471863
1596.6875,-2614.1025390625,13.565746307373
1568.0732421875,-2633.9775390625,13.597242355347
1608.7568359375,-2613.1787109375,13.575859069824
1615.431640625,-2633.37890625,13.590279579163
1664.4951171875,-2614.681640625,13.565829277039
1639.1220703125,-2628.4501953125,13.592761039734
1669.720703125,-2616.55859375,13.917809486389
1697.154296875,-2625.4931640625,13.851282119751
1704.1513671875,-2618.8115234375,13.908187866211
1727.1279296875,-2643.384765625,13.814907073975
1735.962890625,-2616.2099609375,13.91466999054
1741.697265625,-2631.3193359375,13.871658325195
1760.103515625,-2656.6953125,13.784423828125
1765.97265625,-2617.69140625,13.914692878723
1793.6318359375,-2636.234375,13.826663017273
1765.40234375,-2646.767578125,13.851759910583
1801.837890625,-2620.9306640625,13.900674819946
1811.5087890625,-2635.7568359375,13.851557731628
1854.279296875,-2615.9931640625,13.876417160034
1842.626953125,-2642.068359375,13.839021682739
1857.326171875,-2658.26953125,13.778286933899
1862.298828125,-2616.8388671875,13.915249824524
1888.7509765625,-2643.6376953125,13.811136245728
1862.3388671875,-2658.185546875,13.824304580688
1893.8134765625,-2617.8720703125,13.913238525391
1921.2353515625,-2637.673828125,13.822731971741
1893.236328125,-2658.4501953125,13.825340270996
2078.62109375,-2374.9423828125,13.546875
1959.490234375,-2361.544921875,14.458528518677
1945.9091796875,-2357.4482421875,13.546875
1924.1015625,-2232.349609375,13.546875
1953.609375,-2179.123046875,13.546875
-871.9462890625,2744.0930175781,46.415630340576
-879.455078125,2747.5588378906,46.415630340576
-866.98205566406,2763.1687011719,46.479686737061
-874.31311035156,2762.8073730469,46.479686737061
-882.13928222656,2762.7448730469,46.479686737061
-861.240234375,2766.759765625,46
-861.5361328125,2743.7734375,45.995498657227
-782.728515625,2734.6923828125,45.313625335693
-767.9736328125,2756.8447265625,45.766525268555
-737.443359375,2746.2041015625,47.2265625
-228.96661376953,2608.6120605469,63.419708251953
-241.61602783203,2593.7292480469,63.472583770752
-262.37481689453,2609.1726074219,63.635822296143
-278.62677001953,2599.3933105469,63.70796585083
-227.173828125,2685.7919921875,62.743099212646
-222.7177734375,2687.994140625,62.744373321533
-231.6943359375,2720.3759765625,62.708351135254
-202.9267578125,2713.08203125,62.698535919189
-251.796875,2720.1171875,62.6875
-261.69140625,2740.9013671875,62.5390625
-245.6728515625,2764.7099609375,62.758007049561
-240.3740234375,2765.6630859375,62.7109375
-239.22265625,2762.845703125,62.743209838867
-188.1240234375,2753.0078125,62.6875
-171.837890625,2649.4736328125,63.534858703613
-247.5146484375,2629.888671875,62.603500366211
-299.4140625,2686.748046875,62.662425994873
-320.263671875,2688.4208984375,62.679233551025

260.7060546875,1943.9501953125,17.973970413208
242.294921875,1954.5146484375,17.95156288147
221.0615234375,1945.3671875,17.889261245728
257.5576171875,1976.6669921875,17.968351364136
260.18359375,1999.1396484375,18.012537002563
242.8837890625,1990.91015625,17.960447311401
259.8974609375,2008.6025390625,17.973670959473
243.1982421875,2019.171875,17.955038070679
259.5263671875,2033.9423828125,18.016174316406
304.1201171875,2050.61328125,17.837018966675
359.14688110352,2033.2574462891,23.54363822937
357.78359985352,2032.1168212891,28.05012512207
361.12149047852,2030.5953369141,32.84676361084
361.91934204102,2026.7799072266,32.842300415039
357.67520141602,2027.5103759766,32.840305328369
325.2880859375,1982.7255859375,17.973068237305
342.46484375,1956.408203125,17.981065750122
359.8349609375,1984.0283203125,17.895408630371
327.880859375,1951.330078125,17.967323303223
349.0400390625,1937.6025390625,17.944862365723
364.806640625,1925.44140625,17.931468963623
303.94921875,1916.970703125,17.640625
313.8583984375,2053.5224609375,17.640625
279.869140625,1918.841796875,17.879688262939
286.04296875,1915.0068359375,17.879688262939
288.73828125,1912.3935546875,17.879688262939
292.1396484375,1910.4228515625,17.879688262939
323.267578125,1875.025390625,17.91250038147
331.2880859375,1867.0595703125,17.91250038147
323.869140625,1858.0029296875,17.91250038147
323.181640625,1856.44921875,22.74062538147
323.58203125,1854.7890625,27.336753845215
323.3017578125,1855.4755859375,31.806594848633
329.8662109375,1851.4140625,26.977291107178
318.5712890625,1812.1767578125,17.979686737061
318.9912109375,1803.9228515625,17.979686737061
318.9033203125,1796.5537109375,17.979686737061
305.53555297852,1804.0531005859,18.115629196167
301.02871704102,1804.3616943359,18.115629196167
290.15411376953,1814.8427734375,18.544086456299
288.74884033203,1812.7890625,23.049259185791
291.91778564453,1811.83203125,27.850551605225
292.34356689453,1807.748046875,27.847724914551
287.20782470703,1808.9296875,27.838558197021
256.8447265625,1819.43359375,17.640625
106.8955078125,1818.876953125,17.697727203369
95.208984375,1819.2265625,17.711614608765
77.853515625,1819.353515625,17.680881500244
87.4267578125,1846.2177734375,17.713829040527
78.6337890625,1834.7958984375,17.717779159546
73.1796875,2061.5068359375,17.695377349854
85.658203125,2042.55859375,17.813049316406
101.15625,2054.404296875,17.996271133423
72.091796875,2079.9423828125,17.747032165527
97.2939453125,2080.005859375,17.655651092529
87.54296875,2098.431640625,17.683921813965
61.3212890625,2059.7412109375,17.80220413208
43.76953125,2058.076171875,17.830987930298
40.4755859375,2079.8408203125,17.827369689941
61.0703125,2089.9794921875,17.746036529541
17.3447265625,2075.357421875,17.865465164185
-1.703125,2094.5673828125,17.891929626465
20.1259765625,2034.1982421875,17.666851043701
18.728515625,2061.07421875,17.687747955322
34.3115234375,2060.6337890625,17.626159667969
51.2119140625,2068.107421875,17.4453125